A 18 1.763 -1.155 -12.609
A 50 -2.723 -23.713 -20.911
A 61 6.872 -15.854 -27.156
A 68 -4.093 -9.019 -27.610
A 84 -6.688 -12.686 -16.927
A 113 -20.163 4.750 -16.704
A 118 -18.247 -3.623 -14.682
A 191 9.448 3.264 -40.183
A 213 13.225 4.873 -28.600
A 215 17.258 5.179 -24.642
A 238 24.799 7.884 -31.488
A 284 -12.276 25.693 -22.195
A 291 -3.555 31.252 -14.463
A 315 8.412 27.212 -25.368
A 326 3.313 32.825 -15.991
A 328 5.581 26.401 -15.790
A 336 6.499 6.910 -15.294
A 359 -18.223 -6.033 0.042
A 373 -18.695 6.500 -3.599
G 61 -12.862 20.539 14.996
G 64 -15.897 25.828 13.916
G 75 2.798 9.274 8.468
G 99 -7.800 30.494 8.223
G 162 2.288 38.139 13.662
G 166 10.189 30.747 10.808
G 168 13.682 25.042 11.073
G 169 15.535 21.986 9.669
G 1171 10.998 -17.466 -20.506
G 1191 -19.543 -42.325 -21.512
G 1196 -14.415 -38.901 -10.490
G 1214 -17.897 -35.080 -32.045
G 1221 -25.211 -35.015 -23.491
G 1227 -18.289 -29.173 -15.153
G 1228 -15.405 -27.983 -17.360
G 1249 -29.456 -28.165 -25.196
G 1252 -27.529 -29.800 -17.335
G 1255 -20.415 -24.922 -16.332
G 1286 -14.845 -18.852 -24.423
G 1297 -23.925 -10.020 -39.328
G 1308 -32.057 -14.412 -24.384
G 1314 -18.750 -14.768 -19.170
G 1341 -29.493 -10.243 -6.050
