173.46113601185593 3
173.68462167518766 0
173.90810733851936 3
174.1315930018511 2
174.3550786651828 8
174.57856432851452 10
174.80204999184622 5
175.02553565517795 13
175.24902131850965 18
175.47250698184138 30
175.6959926451731 24
175.9194783085048 27
176.14296397183654 60
176.36644963516824 53
176.58993529849997 75
176.81342096183167 102
177.0369066251634 131
177.26039228849513 149
177.48387795182683 177
177.70736361515856 213
177.93084927849026 231
178.154334941822 257
178.3778206051537 287
178.60130626848542 309
178.82479193181712 345
179.04827759514885 381
179.27176325848058 394
179.49524892181228 444
179.718734585144 435
179.9422202484757 473
180.16570591180744 480
180.38919157513914 468
180.61267723847087 496
180.83616290180257 463
181.0596485651343 495
181.28313422846603 468
181.50661989179773 428
181.73010555512946 459
181.95359121846116 466
182.17707688179289 460
182.4005625451246 387
182.62404820845632 372
182.84753387178802 352
183.07101953511975 269
183.29450519845147 293
183.51799086178318 289
183.7414765251149 264
183.9649621884466 240
184.18844785177834 205
184.41193351511004 227
184.63541917844177 198
184.8589048417735 160
185.0823905051052 157
185.30587616843692 134
185.52936183176863 135
185.75284749510035 110
185.97633315843206 96
186.19981882176378 119
186.42330448509549 85
186.64679014842721 65
186.87027581175894 83
187.09376147509064 62
187.31724713842237 51
187.54073280175407 42
187.7642184650858 38
187.9877041284175 38
188.21118979174923 34
188.43467545508094 24
188.65816111841266 27
188.8816467817444 14
189.1051324450761 19
189.32861810840782 16
189.55210377173952 10
189.77558943507125 11
189.99907509840295 12
190.22256076173468 13
190.4460464250664 10
190.6695320883981 10
190.89301775172984 5
191.11650341506154 3
191.33998907839327 7
191.56347474172497 3
191.7869604050567 3
192.01044606838843 5
192.23393173172013 6
192.45741739505186 6
192.68090305838356 0
192.9043887217153 0
193.127874385047 3
193.35136004837872 0
193.57484571171042 0
193.79833137504215 0
194.02181703837385 0
194.24530270170558 1
194.4687883650373 0
194.692274028369 0
194.91575969170074 0
195.13924535503244 0
195.36273101836417 1
195.58621668169587 1
