4360
173
174
391
438
442
461
463
465
466
467
468
469
470
474
585
688
747
977
984
1298
1320
1321
1343
1348
1372
1382
1383
1384
1385
1844
1920
1957
2171
2235
2241
2246
2253
2257
2265
2516
2619
2675
2717
2719
2764
2766
2768
2863
2864
2870
2917
2952
2988
3029
3031
3032
3035
3036
3038
3044
3155
3160
3288
3297
3317
3324
3329
3337
3356
3503
3505
3829
4001
4063
4215
4221
4222
4223
4230
4233
4243
4427
4442
4484
4947
5009
5014
5015
5016
5132
5163
5217
5382
5383
5386
5412
5434
5520
5521
5887
6049
6066
6081
6082
6083
6084
6156
6167
6168
6169
6170
6261
6293
6323
6342
6465
6482
6505
6756
6761
6763
6765
6772
6773
6774
6775
6784
6797
6798
7144
7145
7154
7381
7412
7652
7699
7742
7807
7808
7809
7811
7919
8036
8274
8375
8465
8471
8633
8635
8946
8948
8949
9388
9394
9402
9434
9473
9511
9596
9654
9778
9895
9896
9904
9911
9922
9935
9945
9949
9950
9951
9953
9954
9955
9956
10051
10115
10237
10238
10241
10271
10380
10383
10473
10475
10680
10756
10827
10964
11153
11201
11313
11401
11420
11649
11688
11706
11707
11861
12031
12069
12297
12759
12760
12847
12848
12849
12850
12876
12900
12971
13081
13083
13084
13161
13261
13266
13480
13695
13696
13697
13709
13710
13712
13751
13756
13757
13758
13779
13784
13817
13828
13829
13830
13907
13999
14100
14102
14104
14112
14182
14574
14582
14587
14590
14664
14672
14721
14733
14744
14874
14921
15111
15150
15217
15252
15253
15256
15358
15376
15541
15743
15747
15791
15891
16186
16392
16558
16618
16657
16661
16671
16672
16674
16683
16805
16806
17078
17102
17104
17116
17175
17189
17295
17298
17553
17650
17730
17741
17917
17933
18011
18204
18205
18377
18414
18713
18720
19016
19022
19023
19024
19025
19026
19336
19337
19382
19383
19388
19395
19397
19499
19564
19567
19589
19595
19597
19600
19601
19607
19649
19650
19938
19999
20065
20165
20208
20400
20402
20403
20406
20407
20422
20428
20438
20442
20482
20644
20689
20729
20730
20737
20888
20889
20890
20891
21074
21099
21103
21219
21256
21272
21284
21287
21306
21307
21405
21406
21557
21566
21594
21604
22292
22293
22294
22388
22513
22533
22559
22613
22638
22640
22641
22642
22643
22644
22647
22665
22666
22812
23002
23016
23017
23018
23019
23020
23021
23027
23128
23129
23316
23420
23511
23783
23784
24015
24077
24134
24370
24749
24921
24923
24925
24928
25049
25162
25163
25172
25412
25413
25544
25632
25637
