57
61
151
170
171
473
584
661
835
841
991
992
1162
1615
1616
1617
1737
1738
1739
1843
2130
2227
2247
2248
2565
2715
2722
2841
2846
2847
2848
2865
2967
3030
3276
3296
3694
3717
3718
3722
3724
3726
3827
3831
4159
4275
4299
4301
4424
4443
4672
4676
4857
5007
5010
5017
5018
5019
5140
5221
5529
5575
5729
6048
6137
6217
6218
6219
6316
6531
6544
6549
7117
7198
7217
7239
7356
7392
7683
7889
7897
7898
7974
8193
8307
8314
8608
8609
8728
9409
9728
9810
9988
10061
10087
10199
10211
10212
10268
10433
10474
10571
10583
11020
11179
11180
11424
11526
11527
11530
11814
11848
11852
11867
11868
11946
11990
11994
12066
12068
12070
12460
12508
12732
12824
12827
12828
12846
12964
13517
13590
13594
13775
13885
13886
13980
