14076
14077
14080
14081
14098
14101
14105
14106
14107
14108
14150
14151
14181
14204
14205
14341
14359
14396
14397
14401
14402
14409
14438
14457
14517
14518
14543
14559
14561
14565
14584
14586
14588
14673
14702
14703
14708
14718
14731
14751
14759
14820
14847
14871
14883
14934
14974
15035
15037
15061
15062
15064
15065
15164
15168
15221
15223
15249
15384
15404
15507
15510
15570
15587
15622
15652
15672
15713
15716
15717
15718
15719
15720
15770
15774
15775
15784
15793
15808
15888
15899
15900
16022
16024
16027
16039
16040
16041
16042
16043
16045
16046
16048
16049
16065
16075
16077
16078
16152
16235
16243
16268
16276
16280
16302
16308
16309
16310
16311
16354
16355
16390
16393
16409
16410
16414
16443
16466
16467
16481
16495
16557
16606
16609
16623
16640
16665
16673
16678
16679
16689
16690
16691
16705
16809
16810
16811
16828
16830
16863
16886
16887
16957
16958
16959
16960
16996
17005
17103
17105
17173
17182
17183
17259
17268
17296
17297
17379
17381
17384
17389
17390
17407
17470
17491
17509
17543
17544
17551
17559
17563
17567
17593
17642
17644
17645
17646
17648
17649
17682
17749
17764
17766
17848
17849
17850
17882
17886
17919
17920
17928
17932
17934
17960
17961
18037
18041
18051
18053
18099
18101
18107
18192
18207
18210
18211
18293
18376
18379
18403
18404
18405
18406
18412
18499
18500
18501
18657
18658
18660
18680
18681
18698
18700
18708
18740
18822
19012
19021
19055
19086
19088
19089
19138
19273
19284
19295
19296
19298
19328
19469
19470
19474
19475
19476
19484
19496
19522
19524
19525
19555
19594
19596
19598
19602
19603
19610
19611
19614
19626
19627
19630
19632
19634
19635
19640
19641
19671
19713
19715
19716
19719
19724
19725
19726
19727
19825
19826
19846
19855
19924
19926
19927
19928
19937
19939
19957
19980
20000
20001
20003
20164
20166
20260
20261
20262
20315
20394
20395
20401
20409
20418
20419
20420
20424
20427
20431
20436
20439
20440
20443
20445
20477
20478
20479
20518
20527
20741
20743
20754
20817
20818
20819
20821
20885
20886
20887
21013
21014
21015
21016
21017
21028
21097
21100
21102
21104
21118
21135
21239
21285
21286
21288
21289
21290
21291
21292
21293
21294
21295
21296
21303
21309
21318
21319
21320
21346
21398
21401
21407
21415
21427
21429
21439
21497
21554
21558
21563
21565
21568
21569
21571
21572
21573
21574
21583
21591
21593
21595
21596
21597
21598
21599
21600
21601
21653
21654
21656
21660
21701
21702
21716
21766
21854
21855
21861
21866
21868
21872
21900
22004
22009
22017
22077
22105
22163
22219
22220
22221
22222
22269
22295
22296
22389
22502
22518
22558
22561
22562
22563
22608
22609
22610
22611
22619
22627
22636
22645
22648
22650
22652
22653
22659
22767
22813
22819
22870
22914
22956
22965
22966
22967
22981
22998
23022
23023
23026
23028
23121
23122
23123
23124
23126
23127
23209
23223
23224
23225
23226
23227
23228
23231
23249
23250
23422
23423
23465
23466
23494
23501
23509
23512
23514
23551
23575
23616
23635
23678
23686
23687
23689
23775
23777
23781
23785
23819
23821
23873
23874
24017
24072
24075
24076
24079
24137
24141
24142
24143
24252
24279
24280
24281
24292
24334
24356
24375
24468
24476
24581
24605
24647
24683
24690
24701
24740
24742
24744
24831
24832
24872
24882
24920
24922
24924
24926
24929
24941
24982
24983
24984
25048
25052
25053
25057
25064
25067
25068
25115
25121
25122
25164
25222
25242
25243
25244
25245
25279
25286
25337
25341
25342
25343
25344
25397
25399
25523
25559
25633
25634
25635
25636
25655
25659
25661
25662
25663
25664
25666
