100
504
596
624
625
626
630
923
1006
1094
1095
1098
1099
1158
1168
1525
1529
1571
1682
1706
1735
1838
1839
1840
1842
1860
1970
1971
1972
2180
3022
3094
3190
3191
3685
3721
3727
4098
4100
4101
4147
4162
4298
4300
4647
4709
4731
5027
5130
5134
5153
5154
5357
5358
5454
5455
5458
5459
5738
5739
5744
5745
5801
5839
5842
5974
5981
5982
6001
6091
6097
6098
6407
6416
6812
6813
6814
6817
7106
7107
7220
7312
7428
7462
7496
7500
7789
8479
8480
8481
8482
8747
8748
8987
8988
9238
9328
9430
9710
9996
9998
9999
10001
10009
10113
10114
10119
10375
10456
10460
10481
10486
10509
10510
10511
10530
10605
10653
11147
11149
11292
11741
11791
11792
11797
11798
12071
12107
12208
12210
12324
12358
12366
12367
12368
12369
12370
12372
12373
12387
12739
12861
13209
13210
13376
13384
13631
13636
