11118
65
70
74
93
187
189
386
402
436
437
440
481
490
583
830
831
832
836
837
864
1000
1300
1349
1350
1389
1395
1409
1414
1416
1417
1418
1430
1431
1579
1610
1611
1694
1695
1890
1893
1895
1910
1911
1912
1913
1917
1918
1967
1968
1969
2085
2121
2170
2192
2232
2233
2237
2240
2243
2497
2517
2518
2539
2562
2563
3002
3137
3138
3244
3303
3311
3414
3609
3613
3691
3693
3695
3732
3813
3814
3815
3816
3875
3877
4271
4553
4617
4683
4684
4907
4908
4944
5001
5002
5003
5004
5005
5006
5020
5021
5022
5023
5024
5031
5033
5034
5035
5068
5171
5213
5230
5263
5336
5384
5418
5421
5698
5699
5707
5708
5709
5798
5800
5806
5807
5809
5889
5953
6078
6165
6166
6220
6221
6242
6264
6265
6266
6267
6336
6540
6542
6709
6710
6711
6712
6714
6730
6731
6732
6741
6760
6762
6776
6777
6778
6779
6780
6996
7077
7078
7079
7080
7081
7082
7100
7101
7102
7103
7105
7115
7146
7383
7385
7386
7387
7442
7573
7587
7633
7695
7697
7815
7816
7856
7988
8228
8247
8252
8377
8421
8425
8426
8428
8483
8530
8531
8554
8663
8664
8757
8805
8808
8817
8845
8871
8873
8874
8875
8955
8992
8995
9131
9237
9353
9354
9355
9358
9408
9422
9426
9428
9471
9472
9615
9669
9706
9782
9786
9787
9788
9811
9941
9942
10000
10004
10050
10052
10239
10240
10377
10387
10428
10455
10461
10462
10464
10465
10466
10467
10468
10469
10482
10534
10536
10678
10703
10730
10863
10866
10867
10868
10870
10983
11049
11052
11059
11068
11111
11114
11115
11116
11117
11177
11178
11233
11287
11290
11291
11460
11461
11468
11643
11644
11645
11672
11683
11711
11712
11839
11860
11863
11983
11984
11985
11986
11987
11988
11989
11991
12051
12052
12202
12309
12360
12361
12362
12363
12364
12365
12371
12484
12485
12487
12489
12505
12506
12507
12509
12510
12511
12512
12520
12532
12533
12534
12845
12862
12875
12882
12965
13148
13197
13206
13208
13272
13295
13338
13340
13341
13342
13344
13346
13347
13383
13390
13391
13392
13394
13395
13661
13685
13686
13689
13690
13752
13754
13755
13946
13949
13967
13981
