24543
100
504
596
624
625
626
630
923
1006
1094
1095
1098
1099
1158
1168
1525
1529
1571
1682
1706
1735
1838
1839
1840
1842
1860
1970
1971
1972
2180
3022
3094
3190
3191
3685
3721
3727
4098
4100
4101
4147
4162
4298
4300
4647
4709
4731
5027
5130
5134
5153
5154
5357
5358
5454
5455
5458
5459
5738
5739
5744
5745
5801
5839
5842
5974
5981
5982
6001
6091
6097
6098
6407
6416
6812
6813
6814
6817
7106
7107
7220
7312
7428
7462
7496
7500
7789
8479
8480
8481
8482
8747
8748
8987
8988
9238
9328
9430
9710
9996
9998
9999
10001
10009
10113
10114
10119
10375
10456
10460
10481
10486
10509
10510
10511
10530
10605
10653
11147
11149
11292
11741
11791
11792
11797
11798
12071
12107
12208
12210
12324
12358
12366
12367
12368
12369
12370
12372
12373
12387
12739
12861
13209
13210
13376
13384
13631
13636
14211
14212
14289
14857
14863
14930
14941
15041
15136
15227
15343
15374
15375
15411
15412
15471
15580
15590
15871
15998
16522
16579
17038
17244
17447
17483
17485
17709
17711
17712
17713
17787
17810
17873
18164
18246
18283
18312
18313
18366
18554
18562
18563
18564
18565
18566
18567
18568
18569
18570
18747
18791
18959
19046
19126
19172
19366
19468
19702
19864
19885
20263
20264
20265
20507
20920
20922
20923
20925
20926
20974
21489
21945
22016
22018
22019
22189
22926
23068
23253
23254
23255
23257
23258
23272
23282
23525
23566
23567
23569
23572
23699
23700
23701
24175
24215
24228
24229
24504
24534
24639
24655
24663
24664
24713
24914
24967
25253
25456
25491
25492
25498
25585
25609
25610
25677
