4020
36
88
90
96
105
106
107
108
116
117
130
142
143
167
224
233
271
305
306
313
319
331
338
434
509
515
517
543
592
593
594
595
598
617
618
619
620
637
645
788
791
967
1053
1054
1055
1071
1072
1073
1074
1076
1078
1079
1080
1083
1084
1085
1086
1088
1089
1090
1091
1093
1096
1097
1118
1174
1176
1179
1180
1181
1183
1184
1192
1193
1453
1491
1549
1556
1627
1662
1714
1721
1722
1723
1724
1811
1819
1820
1821
2089
2092
2093
2094
2102
2181
2323
2326
2327
2328
2329
2330
2336
2447
2663
2669
2742
2746
2835
2962
3018
3021
3083
3171
3182
3183
3184
3185
3193
3195
3448
3453
3491
3492
3493
3494
3496
3497
3498
3527
3534
3537
3538
3560
3562
3568
3665
3671
3683
3684
3728
3755
3761
3773
3847
3854
3860
3865
3881
3889
3891
3892
3896
3897
4015
4054
4077
4078
4105
4112
4262
4264
4305
4306
4307
4308
4310
4312
4314
4315
4316
4317
4467
4514
4534
4602
4603
4643
4650
4651
4658
4689
4722
4724
4726
4727
4745
4792
4799
4807
4816
4823
4827
4830
4831
4833
4843
4844
4845
4846
4920
5032
5038
5045
5047
5055
5057
5105
5152
5155
5156
5204
5237
5323
5340
5453
5506
5656
5732
5740
5741
5742
5840
5841
5940
5963
5965
5966
5970
5975
5976
5977
5978
5979
5980
5987
5992
6009
6015
6099
6179
6180
6181
6185
6186
6205
6228
6279
6392
6401
6402
6404
6412
6413
6414
6648
6653
6654
6713
6862
6863
6867
6868
6869
6870
6871
6874
6882
6883
6886
6887
6888
6889
6890
6893
6894
6895
6896
6897
6898
6899
6901
6902
6903
6910
6911
6912
6913
6914
6915
6916
6917
6918
6920
6921
6923
6927
6928
6936
6938
6939
6940
6941
6943
6944
6970
7028
7155
7164
7166
7167
7213
7214
7215
7219
7222
7285
7286
7288
7289
7298
7302
7308
7321
7327
7367
7368
7369
7370
7384
7393
7443
7512
7513
7516
7547
7549
7551
7552
7555
7559
7596
7616
7617
7618
7622
7631
7790
7791
7793
7794
7796
7934
7935
8038
8055
8059
8060
8061
8089
8091
8130
8131
8133
8134
8135
8137
8138
8139
8140
8146
8147
8154
8155
8168
8182
8221
8238
8246
8271
8345
8668
8691
8709
8725
8729
8730
8731
8732
8734
8742
8743
8797
8825
8826
8831
8832
8833
8859
8860
8864
8880
8882
8888
8909
8935
8970
8971
8973
8979
8985
9034
9059
9149
9219
9226
9274
9283
9427
9470
9488
9545
9650
9681
9682
9686
9687
9690
9691
9697
9707
9818
9819
10098
10123
10125
10126
10133
10134
10135
10136
10137
10141
10144
10146
10152
10155
10158
10159
10178
10179
10325
10398
10400
10401
10457
10458
10459
10497
10498
10499
10500
10501
10503
10505
10506
10507
10512
10515
10517
10518
10519
10522
10523
10525
10535
10547
10580
10600
10601
10606
10607
10784
10869
10871
10872
10873
10984
11011
11012
11064
11092
11148
11245
11263
11677
11743
11833
11834
11835
11840
11841
11906
12075
12076
12077
12078
12080
12082
12089
12091
12092
12113
12114
12124
12125
12127
12142
12143
12144
12151
12154
12185
12189
12193
12195
12196
12199
12200
12205
12221
12222
12225
12314
12337
12354
12356
12357
12381
12382
12383
12384
12385
12388
12393
12397
12398
12402
12469
12546
12547
12548
12552
12613
12614
12621
12637
12688
12689
12790
12868
12912
13019
13048
13139
13207
13211
13212
13213
13216
13217
13218
13220
13221
13228
13290
13296
13297
13446
13451
13456
13544
13556
13933
13934
13937
13939
13943
14055
14056
14092
14130
14135
14137
14143
14187
14189
14279
14283
14284
14285
14286
14287
14298
14304
14305
14310
14313
14334
14335
14336
14337
14338
14339
14340
14418
14420
14455
14469
14481
14639
14714
14727
14764
14765
14771
14772
14791
14808
14838
14864
14942
14943
14980
14985
14987
14989
14991
15030
15049
15052
15073
15076
15090
15109
15120
15135
15140
15141
15176
15177
15178
15179
15181
15182
15183
15184
15280
15281
15287
15289
15290
15308
15315
15321
15370
15414
15415
15416
15423
15435
15436
15437
15438
15439
15492
15493
15499
15503
15524
15525
15540
15553
15554
15593
15614
15634
15648
15649
15658
15659
15661
15684
15692
15693
15694
15695
15701
15702
15703
15705
15706
15707
15708
15854
15860
15861
15862
15913
15921
15976
15980
15983
15984
15986
15987
15990
15999
16009
16121
16122
16144
16148
16149
16165
16167
16168
16171
16323
16542
16546
16577
16578
16582
16583
16734
16744
16906
16911
16913
16971
16982
16983
16985
16988
16991
16992
17053
17054
17119
17229
17305
17306
17309
17311
17322
17327
17328
17329
17415
17420
17442
17482
17484
17487
17488
17530
17595
17661
17664
17665
17666
17674
17680
17681
17708
17717
17720
17753
17768
17782
17783
17794
17869
17897
17914
17975
17978
17990
17991
18019
18021
18026
18032
18057
18064
18081
18119
18124
18126
18163
18165
18180
18186
18187
18194
18196
18267
18275
18284
18363
18364
18365
18449
18459
18481
18482
18484
18485
18486
18546
18553
18555
18560
18571
18635
18676
18678
18693
18744
18750
18751
18752
18753
18757
18762
18765
18794
18802
18922
18965
19070
19073
19110
19111
19116
19119
19149
19165
19178
19179
19180
19181
19182
19183
19184
19209
19233
19240
19242
19259
19400
19409
19410
19411
19413
19441
19443
19449
19451
19453
19458
19521
19684
19685
19692
19697
19698
19699
19703
19704
19705
19767
19860
19863
19866
19868
19870
19874
19876
19904
19905
19974
20045
20056
20072
20073
20074
20075
20076
20081
20086
20101
20104
20157
20193
20201
20223
20224
20226
20227
20238
20244
20245
20246
20251
20340
20344
20345
20363
20367
20370
20372
20373
20374
20375
20376
20377
20378
20379
20380
20381
20382
20386
20520
20546
20555
20556
20557
20560
20561
20564
20609
20610
20613
20614
20615
20616
20617
20618
20637
20664
20665
20666
20667
20668
20669
20670
20782
20783
20784
20860
20861
20873
20874
20918
20919
20924
20927
20930
20938
20941
20942
20958
20970
20983
20984
20985
20986
21140
21141
21142
21143
21144
21161
21163
21164
21165
21168
21445
21449
21450
21451
21452
21453
21454
21460
21503
21524
21525
21635
21683
21724
21742
21778
21987
21988
22033
22037
22181
22184
22203
22204
22209
22210
22211
22212
22213
22374
22693
22743
22783
22933
23112
23116
23146
23156
23159
23264
23323
23333
23349
23363
23373
23389
23442
23455
23518
23596
23617
23711
23846
23847
23848
23879
23904
23906
23915
23916
23917
23921
23922
23925
23932
23933
23950
23952
23972
23974
23975
24041
24043
24121
24161
24163
24168
24169
24185
24192
24193
24217
24221
24227
24231
24256
24315
24413
24414
24501
24527
24574
24656
24665
24672
24675
24768
24790
24944
24945
24946
24952
24976
25023
25025
25195
25196
25202
25203
25204
25208
25255
25256
25257
25258
25265
25266
25322
25325
25363
25442
25465
25470
25471
25484
25495
25508
25542
25543
25566
25582
25586
25587
