19561
14113
14670
14671
14693
14891
15170
15171
16044
16157
16224
16449
16469
16490
16576
16755
16781
16785
16947
16948
16949
17037
17041
17178
17179
17196
17282
17283
17284
17290
17291
17351
17458
17526
17808
17929
17958
17962
18224
18602
18876
18892
19312
19362
19363
19376
19379
19384
19385
19682
19932
20130
20167
20168
20337
20405
20408
20688
20694
20696
20697
20704
20733
20734
20735
20777
20897
21129
21198
21199
21218
21364
21404
21545
21546
21658
21719
21815
21817
21926
21959
21961
21962
22284
22435
22437
22440
22651
22721
22952
22953
22958
23051
23273
23284
23286
23288
23385
23411
23692
23982
24262
24267
24330
24399
24604
24692
24764
24769
25072
25078
25079
25654
25656
