14184
14201
14261
14376
14383
14391
14498
14550
14589
14658
14717
14749
14835
14849
14994
15234
15588
15690
15778
15799
15849
15892
15893
16066
16092
16125
16126
16129
16255
16264
16265
16386
16403
16407
16607
16611
16688
16730
16737
16758
16808
16854
16870
17043
17044
17047
17130
17142
17158
17159
17160
17162
17165
17174
17187
17188
17212
17238
17240
17241
17348
17727
17786
17838
17851
17853
17855
17856
17857
17940
17959
18052
18067
18106
18128
18156
18179
18222
18661
18696
18787
18788
18789
18790
19087
19365
19492
19493
19494
19513
19625
19670
20185
20317
20319
20334
20336
20392
20393
20467
20469
20470
20471
20543
20544
20719
20720
20721
20723
20728
20755
20756
20757
20758
20815
21018
21019
21024
21025
21026
21174
21175
21178
21179
21180
21181
21297
21298
21339
21340
21416
21417
21472
21473
21496
21708
21721
21862
21863
21898
21973
21974
21975
21976
22083
22085
22086
22136
22146
22149
22158
22159
22162
22164
22165
22166
22167
22169
22170
22176
22186
22278
22501
22568
22574
22595
22598
22599
22600
22601
22604
22605
22606
22607
22633
22657
22766
22913
23003
23125
23291
23495
23500
23502
23503
23620
23768
23786
24140
24155
24196
24247
24253
24282
24287
24294
24353
24465
24669
24680
24681
24682
24959
24963
24965
24966
24979
24980
24981
24992
25100
25106
25108
25110
25111
25142
25285
25287
25400
25494
25496
25507
25648
25691
25692
