14092
14130
14135
14137
14143
14187
14189
14279
14283
14284
14285
14286
14287
14298
14304
14305
14310
14313
14334
14335
14336
14337
14338
14339
14340
14418
14420
14455
14469
14481
14639
14714
14727
14764
14765
14771
14772
14791
14808
14838
14864
14942
14943
14980
14985
14987
14989
14991
15030
15049
15052
15073
15076
15090
15109
15120
15135
15140
15141
15176
15177
15178
15179
15181
15182
15183
15184
15280
15281
15287
15289
15290
15308
15315
15321
15370
15414
15415
15416
15423
15435
15436
15437
15438
15439
15492
15493
15499
15503
15524
15525
15540
15553
15554
15593
15614
15634
15648
15649
15658
15659
15661
15684
15692
15693
15694
15695
15701
15702
15703
15705
15706
15707
15708
15854
15860
15861
15862
15913
15921
15976
15980
15983
15984
15986
15987
15990
15999
16009
16121
16122
16144
16148
16149
16165
16167
16168
16171
16323
16542
16546
16577
16578
16582
16583
16734
16744
16906
16911
16913
16971
16982
16983
16985
16988
16991
16992
17053
17054
17119
17229
17305
17306
17309
17311
17322
17327
17328
17329
17415
17420
17442
17482
17484
17487
17488
17530
17595
17661
17664
17665
17666
17674
17680
17681
17708
17717
17720
17753
17768
17782
17783
17794
17869
17897
17914
17975
17978
17990
17991
18019
18021
18026
18032
18057
18064
18081
18119
18124
18126
18163
18165
18180
18186
18187
18194
18196
18267
18275
18284
18363
18364
18365
18449
18459
18481
18482
18484
18485
18486
18546
18553
18555
18560
18571
18635
18676
18678
18693
18744
18750
18751
18752
18753
18757
18762
18765
18794
18802
18922
18965
19070
19073
19110
19111
19116
19119
19149
19165
19178
19179
19180
19181
19182
19183
19184
19209
19233
19240
19242
19259
19400
19409
19410
19411
19413
19441
19443
19449
19451
19453
19458
19521
19684
19685
19692
19697
19698
19699
19703
19704
19705
19767
19860
19863
19866
19868
19870
19874
19876
19904
19905
19974
20045
20056
20072
20073
20074
20075
20076
20081
20086
20101
20104
20157
20193
20201
20223
20224
20226
20227
20238
20244
20245
20246
20251
20340
20344
20345
20363
20367
20370
20372
20373
20374
20375
20376
20377
20378
20379
20380
20381
20382
20386
20520
20546
20555
20556
20557
20560
20561
20564
20609
20610
20613
20614
20615
20616
20617
20618
20637
20664
20665
20666
20667
20668
20669
20670
20782
20783
20784
20860
20861
20873
20874
20918
20919
20924
20927
20930
20938
20941
20942
20958
20970
20983
20984
20985
20986
21140
21141
21142
21143
21144
21161
21163
21164
21165
21168
21445
21449
21450
21451
21452
21453
21454
21460
21503
21524
21525
21635
21683
21724
21742
21778
21987
21988
22033
22037
22181
22184
22203
22204
22209
22210
22211
22212
22213
22374
22693
22743
22783
22933
23112
23116
23146
23156
23159
23264
23323
23333
23349
23363
23373
23389
23442
23455
23518
23596
23617
23711
23846
23847
23848
23879
23904
23906
23915
23916
23917
23921
23922
23925
23932
23933
23950
23952
23972
23974
23975
24041
24043
24121
24161
24163
24168
24169
24185
24192
24193
24217
24221
24227
24231
24256
24315
24413
24414
24501
24527
24574
24656
24665
24672
24675
24768
24790
24944
24945
24946
24952
24976
25023
25025
25195
25196
25202
25203
25204
25208
25255
25256
25257
25258
25265
25266
25322
25325
25363
25442
25465
25470
25471
25484
25495
25508
25542
25543
25566
25582
25586
25587
