19
14
15
16
17
18
20
21
46
52
162
163
166
247
248
339
341
342
343
344
376
384
483
544
545
546
549
550
658
660
732
733
868
1269
1301
1302
1303
1387
1426
2032
2038
2105
2110
2112
2113
2114
2119
2120
2126
2129
2145
2196
2198
2567
2568
2701
2873
2874
2937
3103
3141
3149
3272
3279
3427
3589
3591
3592
3595
3689
3690
3702
3742
3743
3744
3746
3747
3922
3943
4163
4165
4252
4255
4511
4559
4563
4586
4588
4594
4773
4774
4813
4911
4945
4971
4972
4973
4974
5150
5159
5162
5181
5226
5267
5304
5305
5306
5309
5310
5311
5313
5317
5362
5408
5480
5482
5483
5485
5486
5495
5766
5767
5769
5787
5788
5843
5866
6119
6130
6141
6148
6149
6153
6302
6303
6326
6327
6328
6329
6330
6331
6332
6451
6577
7003
7004
7049
7054
7055
7159
7186
7187
7188
7410
7477
7896
7968
7992
8005
8185
8186
8190
8251
8344
8431
8540
8570
8571
8572
8574
8575
8576
8599
8836
8851
8852
8940
9000
9001
9129
9130
9350
9365
9464
9474
9490
9533
9534
9598
9609
9776
9831
9832
9833
9834
9835
9836
9838
9842
9843
9845
9846
10011
10012
10068
10084
10204
10650
10688
10831
11106
11107
11109
11168
11202
11206
11402
11403
11409
11416
11516
11521
11646
11725
11726
11727
11932
11933
12126
12281
12282
12285
12286
12530
12551
12553
12556
12798
12816
12817
12819
12820
12821
12822
12823
12825
12826
12831
12834
12837
12839
12852
12959
12981
12989
12990
13006
13008
13056
13067
13106
13107
13142
13168
13173
13174
13288
13289
13476
13479
13673
13890
13891
13896
13903
13914
13915
13916
13917
13918
13919
13989
13990
14009
