13803
87
89
245
246
456
590
779
790
1046
1047
1296
1788
2031
2173
2309
2513
2524
2525
2654
2688
2700
3253
3258
3631
3711
3734
4090
4120
4381
4438
4447
4492
4526
4528
4600
4715
4868
5008
5040
5447
5478
5898
6246
6258
6268
6289
6346
6529
6590
6717
7179
7248
7266
7276
7415
7802
8096
8495
8739
8768
8956
8974
9026
9033
9047
9048
9337
9383
9384
9441
9443
9544
9595
9701
9703
10127
10388
10470
10471
10702
10710
11013
11097
11098
11113
11219
11376
11575
11620
11640
11678
11679
11694
12008
12294
12536
12756
12770
12778
12779
12857
13408
13506
13667
13819
13904
