19
14
15
16
17
18
20
21
46
52
162
163
166
247
248
339
341
342
343
344
376
384
483
544
545
546
549
550
658
660
732
733
868
1269
1301
1302
1303
1387
1426
2032
2038
2105
2110
2112
2113
2114
2119
2120
2126
2129
2145
2196
2198
2567
2568
2701
2873
2874
2937
3103
3141
3149
3272
3279
3427
3589
3591
3592
3595
3689
3690
3702
3742
3743
3744
3746
3747
3922
3943
4163
4165
4252
4255
4511
4559
4563
4586
4588
4594
4773
4774
4813
4911
4945
4971
4972
4973
4974
5150
5159
5162
5181
5226
5267
5304
5305
5306
5309
5310
5311
5313
5317
5362
5408
5480
5482
5483
5485
5486
5495
5766
5767
5769
5787
5788
5843
5866
6119
6130
6141
6148
6149
6153
6302
6303
6326
6327
6328
6329
6330
6331
6332
6451
6577
7003
7004
7049
7054
7055
7159
7186
7187
7188
7410
7477
7896
7968
7992
8005
8185
8186
8190
8251
8344
8431
8540
8570
8571
8572
8574
8575
8576
8599
8836
8851
8852
8940
9000
9001
9129
9130
9350
9365
9464
9474
9490
9533
9534
9598
9609
9776
9831
9832
9833
9834
9835
9836
9838
9842
9843
9845
9846
10011
10012
10068
10084
10204
10650
10688
10831
11106
11107
11109
11168
11202
11206
11402
11403
11409
11416
11516
11521
11646
11725
11726
11727
11932
11933
12126
12281
12282
12285
12286
12530
12551
12553
12556
12798
12816
12817
12819
12820
12821
12822
12823
12825
12826
12831
12834
12837
12839
12852
12959
12981
12989
12990
13006
13008
13056
13067
13106
13107
13142
13168
13173
13174
13288
13289
13476
13479
13673
13890
13891
13896
13903
13914
13915
13916
13917
13918
13919
13989
13990
14009
14184
14201
14261
14376
14383
14391
14498
14550
14589
14658
14717
14749
14835
14849
14994
15234
15588
15690
15778
15799
15849
15892
15893
16066
16092
16125
16126
16129
16255
16264
16265
16386
16403
16407
16607
16611
16688
16730
16737
16758
16808
16854
16870
17043
17044
17047
17130
17142
17158
17159
17160
17162
17165
17174
17187
17188
17212
17238
17240
17241
17348
17727
17786
17838
17851
17853
17855
17856
17857
17940
17959
18052
18067
18106
18128
18156
18179
18222
18661
18696
18787
18788
18789
18790
19087
19365
19492
19493
19494
19513
19625
19670
20185
20317
20319
20334
20336
20392
20393
20467
20469
20470
20471
20543
20544
20719
20720
20721
20723
20728
20755
20756
20757
20758
20815
21018
21019
21024
21025
21026
21174
21175
21178
21179
21180
21181
21297
21298
21339
21340
21416
21417
21472
21473
21496
21708
21721
21862
21863
21898
21973
21974
21975
21976
22083
22085
22086
22136
22146
22149
22158
22159
22162
22164
22165
22166
22167
22169
22170
22176
22186
22278
22501
22568
22574
22595
22598
22599
22600
22601
22604
22605
22606
22607
22633
22657
22766
22913
23003
23125
23291
23495
23500
23502
23503
23620
23768
23786
24140
24155
24196
24247
24253
24282
24287
24294
24353
24465
24669
24680
24681
24682
24959
24963
24965
24966
24979
24980
24981
24992
25100
25106
25108
25110
25111
25142
25285
25287
25400
25494
25496
25507
25648
25691
25692
