14408
14523
14593
14720
14770
14861
14872
14873
15017
15023
15060
15259
15357
15470
15561
15577
15581
15758
15816
15846
15874
16052
16465
16682
16794
16800
16801
16896
17304
17373
17411
17785
17815
17915
17943
17967
17997
18080
18183
18188
18214
18699
18732
18759
18771
18798
18923
19009
19010
19030
19047
19202
19578
19742
19745
19746
19823
20031
20291
20414
20426
20450
20547
20812
21008
21209
21271
21276
21317
21521
21606
21625
21684
21909
22054
22161
22192
22264
22363
22503
22663
22729
22756
22776
22784
22911
22982
23038
23044
23136
23181
23182
23243
23245
23261
23510
23599
23765
23766
23767
23947
24063
24086
24096
24244
24270
24275
24368
24706
24734
24789
24850
24869
24988
25009
25097
25102
25233
25267
25314
25660
