17234
126
510
511
843
1113
1178
1199
2531
2661
2822
2833
3096
3098
3817
3945
4250
4713
5095
5183
5499
5722
6100
6101
6102
7083
7228
7795
8179
8180
8569
8712
8713
8716
8718
8738
8740
8741
8861
8866
9240
9546
10059
10205
10206
10635
11917
12108
12109
12110
12263
12264
12455
12706
12973
13589
14126
14449
14450
14480
14898
14931
14970
15006
15007
15009
15285
16120
16154
16156
16322
16489
16491
16492
16559
17211
17316
17594
17655
17656
17657
17658
17677
18280
18314
18333
18360
18668
18674
19120
19124
19129
19177
19422
20108
20158
20795
20967
21442
21499
21523
21636
21638
21640
21641
22205
22207
22214
22593
22597
23719
24065
24373
24415
24863
25077
25381
25382
25383
25384
25392
25427
25449
25450
25506
25565
25598
