24543
14211
14212
14289
14857
14863
14930
14941
15041
15136
15227
15343
15374
15375
15411
15412
15471
15580
15590
15871
15998
16522
16579
17038
17244
17447
17483
17485
17709
17711
17712
17713
17787
17810
17873
18164
18246
18283
18312
18313
18366
18554
18562
18563
18564
18565
18566
18567
18568
18569
18570
18747
18791
18959
19046
19126
19172
19366
19468
19702
19864
19885
20263
20264
20265
20507
20920
20922
20923
20925
20926
20974
21489
21945
22016
22018
22019
22189
22926
23068
23253
23254
23255
23257
23258
23272
23282
23525
23566
23567
23569
23572
23699
23700
23701
24175
24215
24228
24229
24504
24534
24639
24655
24663
24664
24713
24914
24967
25253
25456
25491
25492
25498
25585
25609
25610
25677
