25270
14057
14058
14059
14060
14061
14062
14063
14064
14065
14066
14067
14068
14069
14070
14071
14072
14073
14074
14075
14078
14079
14082
14083
14084
14085
14086
14087
14088
14089
14090
14091
14093
14094
14095
14096
14099
14103
14111
14115
14116
14117
14118
14119
14120
14121
14122
14123
14124
14125
14127
14128
14129
14131
14132
14133
14134
14136
14138
14139
14140
14141
14142
14144
14145
14146
14147
14148
14149
14152
14153
14154
14155
14156
14157
14160
14161
14162
14163
14164
14165
14166
14167
14168
14169
14170
14171
14172
14173
14174
14175
14176
14177
14178
14179
14185
14186
14188
14190
14191
14192
14193
14194
14195
14196
14197
14198
14199
14206
14207
14208
14209
14210
14213
14214
14215
14216
14217
14218
14219
14220
14221
14222
14223
14224
14225
14226
14227
14228
14229
14230
14231
14232
14234
14235
14236
14237
14238
14239
14240
14241
14243
14244
14245
14246
14247
14248
14249
14250
14251
14252
14253
14254
14255
14256
14257
14258
14259
14260
14262
14263
14264
14265
14267
14268
14269
14270
14271
14272
14273
14274
14275
14276
14277
14278
14280
14281
14282
14288
14290
14291
14292
14293
14294
14295
14296
14297
14299
14300
14301
14302
14303
14306
14307
14308
14309
14311
14312
14314
14315
14316
14317
14318
14319
14320
14321
14322
14323
14324
14325
14326
14327
14328
14329
14330
14332
14333
14342
14343
14344
14345
14346
14348
14349
14352
14353
14354
14355
14356
14357
14358
14361
14362
14363
14364
14365
14366
14367
14368
14369
14370
14371
14372
14373
14374
14375
14377
14378
14379
14380
14381
14382
14384
14385
14386
14387
14388
14389
14390
14392
14393
14394
14395
14398
14400
14405
14406
14407
14410
14411
14412
14413
14414
14415
14416
14417
14419
14421
14422
14423
14424
14425
14426
14427
14428
14429
14430
14431
14432
14433
14434
14435
14436
14437
14439
14440
14441
14442
14443
14444
14445
14446
14447
14448
14451
14452
14454
14456
14458
14459
14460
14461
14462
14463
14464
14465
14466
14467
14468
14470
14471
14472
14473
14474
14475
14476
14477
14478
14479
14482
14483
14484
14485
14486
14487
14488
14491
14492
14493
14494
14495
14496
14497
14499
14500
14501
14502
14505
14506
14508
14509
14510
14511
14512
14513
14514
14515
14516
14519
14520
14521
14524
14525
14526
14527
14528
14529
14530
14531
14532
14533
14534
14535
14536
14537
14538
14539
14540
14545
14546
14547
14549
14551
14552
14553
14554
14555
14556
14557
14558
14560
14562
14563
14564
14566
14567
14568
14569
14570
14571
14572
14573
14575
14576
14577
14578
14579
14580
14581
14583
14585
14591
14592
14594
14597
14598
14599
14600
14601
14602
14603
14604
14605
14606
14607
14608
14609
14610
14611
14612
14613
14614
14615
14616
14617
14618
14619
14620
14621
14622
14623
14624
14625
14626
14627
14628
14630
14632
14635
14636
14637
14640
14641
14642
14643
14644
14645
14646
14647
14648
14649
14651
14652
14653
14654
14655
14656
14657
14661
14662
14663
14665
14666
14668
14669
14674
14675
14677
14678
14679
14680
14681
14682
14683
14684
14685
14686
14687
14688
14689
14690
14691
14692
14695
14696
14697
14698
14699
14700
14701
14704
14705
14706
14707
14709
14710
14711
14712
14713
14715
14719
14722
14723
14724
14725
14726
14728
14729
14730
14732
14734
14735
14736
14737
14738
14739
14740
14741
14742
14743
14746
14747
14748
14750
14752
14753
14754
14755
14756
14757
14758
14760
14761
14762
14763
14766
14767
14768
14769
14773
14774
14775
14776
14777
14778
14779
14780
14781
14782
14783
14784
14785
14786
14787
14788
14789
14790
14792
14793
14794
14795
14796
14798
14799
14800
14801
14802
14803
14804
14805
14806
14807
14809
14810
14811
14812
14813
14814
14815
14816
14817
14818
14819
14821
14822
14823
14824
14825
14827
14828
14829
14830
14831
14832
14833
14834
14836
14840
14841
14842
14843
14844
14845
14846
14848
14850
14851
14852
14853
14854
14855
14856
14858
14859
14860
14867
14868
14875
14876
14877
14878
14879
14880
14881
14882
14884
14885
14886
14887
14888
14889
14890
14892
14893
14894
14895
14896
14897
14899
14900
14901
14902
14903
14904
14905
14906
14907
14908
14909
14910
14911
14912
14913
14914
14915
14916
14917
14918
14919
14920
14923
14924
14925
14926
14927
14928
14929
14932
14933
14935
14936
14937
14938
14939
14940
14944
14945
14946
14947
14948
14949
14950
14951
14952
14953
14954
14955
14956
14958
14960
14961
14962
14963
14964
14965
14966
14967
14968
14971
14972
14973
14975
14976
14977
14978
14979
14981
14982
14983
14984
14986
14988
14990
14992
14995
14996
14997
14998
14999
15000
15001
15002
15003
15004
15005
15008
15012
15013
15014
15015
15016
15018
15019
15020
15021
15022
15024
15025
15026
15027
15028
15029
15031
15032
15033
15034
15038
15039
15040
15042
15043
15044
15045
15046
15048
15050
15051
15053
15055
15057
15058
15059
15063
15066
15067
15068
15069
15070
15071
15072
15074
15075
15077
15078
15079
15080
15081
15082
15083
15084
15085
15086
15087
15088
15089
15091
15092
15093
15094
15095
15096
15097
15098
15099
15101
15102
15103
15104
15105
15106
15107
15108
15110
15112
15113
15114
15115
15116
15117
15118
15119
15121
15122
15123
15124
15125
15126
15127
15128
15129
15130
15131
15132
15133
15134
15137
15138
15144
15145
15146
15147
15148
15149
15151
15152
15153
15154
15155
15156
15161
15162
15163
15165
15166
15167
15169
15172
15173
15174
15175
15185
15186
15188
15189
15190
15191
15192
15193
15194
15195
15196
15197
15198
15199
15200
15201
15202
15203
15204
15205
15206
15207
15208
15209
15210
15211
15212
15213
15214
15215
15218
15220
15222
15224
15225
15228
15229
15230
15231
15240
15241
15242
15243
15244
15245
15246
15247
15248
15250
15251
15254
15255
15258
15260
15261
15262
15263
15264
15265
15266
15267
15268
15269
15270
15271
15273
15274
15275
15276
15277
15278
15279
15282
15283
15284
15286
15288
15291
15292
15293
15294
15295
15296
15297
15298
15299
15300
15301
15302
15303
15304
15305
15306
15307
15309
15310
15311
15312
15313
15314
15316
15317
15318
15319
15320
15322
15323
15324
15325
15326
15327
15328
15329
15330
15331
15332
15333
15334
15335
15336
15337
15338
15339
15340
15341
15342
15344
15345
15346
15347
15348
15349
15350
15351
15352
15353
15354
15355
15356
15359
15360
15361
15362
15363
15364
15365
15366
15367
15368
15369
15372
15373
15377
15378
15379
15380
15381
15382
15385
15386
15387
15388
15389
15390
15391
15392
15393
15394
15395
15396
15397
15398
15399
15400
15401
15402
15403
15405
15406
15407
15408
15417
15418
15419
15420
15421
15422
15424
15425
15426
15427
15428
15429
15430
15431
15432
15433
15434
15440
15441
15442
15443
15444
15445
15446
15447
15448
15450
15451
15452
15453
15454
15455
15456
15457
15458
15459
15460
15461
15462
15463
15464
15465
15466
15467
15468
15469
15472
15473
15474
15475
15476
15477
15478
15479
15480
15481
15482
15485
15486
15487
15488
15489
15490
15491
15494
15495
15496
15497
15498
15500
15501
15502
15504
15505
15508
15509
15511
15512
15513
15514
15515
15516
15517
15518
15519
15520
15521
15522
15523
15526
15527
15528
15529
15530
15531
15532
15533
15534
15535
15537
15538
15539
15542
15543
15544
15545
15546
15547
15548
15549
15550
15551
15552
15555
15556
15557
15558
15559
15560
15562
15563
15564
15565
15566
15567
15568
15569
15571
15572
15573
15574
15575
15576
15578
15579
15582
15583
15584
15585
15586
15589
15591
15592
15594
15595
15596
15597
15598
15599
15600
15601
15602
15603
15604
15605
15606
15607
15608
15609
15610
15611
15612
15613
15615
15616
15617
15618
15619
15620
15621
15623
15624
15625
15626
15627
15628
15629
15630
15631
15632
15635
15636
15637
15639
15640
15641
15642
15643
15644
15645
15646
15647
15650
15651
15653
15654
15655
15656
15662
15663
15664
15665
15670
15671
15673
15674
15675
15676
15677
15678
15679
15680
15681
15683
15685
15686
15687
15688
15689
15691
15696
15697
15698
15699
15700
15704
15709
15710
15711
15714
15715
15721
15723
15724
15725
15726
15727
15728
15729
15730
15731
15732
15733
15734
15735
15736
15737
15738
15739
15740
15741
15742
15748
15749
15750
15753
15754
15755
15756
15757
15759
15761
15762
15763
15764
15765
15766
15767
15768
15769
15771
15772
15773
15776
15777
15779
15780
15781
15782
15783
15785
15786
15787
15788
15789
15790
15792
15794
15795
15796
15797
15798
15800
15801
15802
15803
15804
15805
15806
15807
15809
15810
15811
15812
15813
15814
15815
15817
15818
15819
15820
15821
15822
15823
15824
15825
15826
15827
15828
15829
15830
15831
15832
15833
15834
15835
15836
15839
15841
15842
15843
15844
15845
15847
15848
15850
15853
15855
15856
15857
15858
15859
15863
15864
15865
15866
15867
15868
15869
15870
15872
15873
15875
15876
15877
15878
15879
15880
15881
15882
15883
15884
15885
15890
15895
15896
15897
15898
15901
15902
15903
15904
15905
15906
15907
15908
15909
15910
15911
15912
15914
15915
15916
15917
15918
15919
15920
15922
15923
15924
15925
15926
15927
15928
15929
15930
15931
15932
15933
15934
15935
15936
15937
15938
15939
15940
15941
15942
15943
15944
15945
15946
15947
15948
15949
15950
15951
15952
15953
15954
15955
15956
15957
15958
15959
15960
15961
15962
15963
15964
15965
15966
15967
15968
15969
15970
15971
15972
15973
15974
15975
15977
15981
15982
15985
15988
15989
15991
15992
15993
15994
15995
15996
15997
16001
16002
16003
16004
16005
16006
16007
16010
16011
16012
16014
16015
16019
16020
16021
16023
16025
16026
16028
16029
16030
16031
16033
16034
16035
16036
16037
16038
16053
16054
16055
16056
16057
16058
16059
16060
16061
16062
16063
16064
16067
16068
16069
16070
16071
16072
16073
16074
16076
16079
16080
16081
16082
16083
16084
16085
16086
16087
16088
16089
16090
16091
16093
16094
16095
16096
16097
16098
16099
16100
16101
16102
16103
16104
16105
16106
16107
16108
16109
16110
16111
16112
16113
16114
16115
16117
16118
16119
16123
16124
16127
16128
16134
16135
16136
16137
16138
16139
16140
16141
16142
16143
16145
16146
16150
16151
16153
16155
16159
16160
16161
16162
16163
16164
16166
16169
16170
16172
16173
16174
16175
16176
16177
16178
16179
16181
16182
16183
16184
16185
16187
16188
16189
16190
16193
16194
16195
16196
16197
16198
16199
16200
16201
16202
16203
16204
16205
16206
16207
16208
16209
16210
16211
16212
16213
16214
16215
16216
16217
16218
16219
16220
16221
16222
16223
16225
16226
16227
16228
16229
16230
16231
16232
16233
16234
16236
16237
16238
16239
16240
16241
16242
16245
16246
16247
16248
16249
16250
16251
16252
16253
16254
16256
16257
16258
16259
16260
16261
16262
16263
16266
16267
16269
16270
16271
16272
16273
16274
16275
16277
16278
16279
16282
16283
16284
16285
16286
16287
16288
16289
16290
16291
16292
16293
16294
16295
16296
16297
16298
16299
16300
16301
16312
16313
16314
16315
16316
16317
16318
16319
16320
16321
16324
16325
16326
16327
16328
16329
16330
16331
16332
16333
16334
16335
16337
16339
16341
16342
16343
16344
16345
16346
16347
16348
16349
16350
16351
16352
16356
16357
16358
16359
16360
16361
16362
16363
16364
16365
16366
16367
16368
16369
16370
16371
16372
16373
16374
16375
16376
16377
16378
16379
16380
16381
16382
16383
16384
16385
16387
16389
16391
16394
16395
16396
16397
16398
16399
16400
16401
16402
16404
16405
16406
16408
16413
16415
16416
16417
16418
16419
16420
16421
16422
16423
16424
16425
16426
16427
16429
16430
16431
16432
16433
16434
16436
16437
16438
16439
16440
16441
16444
16445
16446
16447
16448
16450
16451
16452
16453
16454
16455
16456
16457
16458
16459
16460
16461
16462
16463
16468
16470
16471
16472
16473
16474
16475
16476
16477
16478
16479
16480
16482
16483
16484
16485
16486
16487
16488
16493
16494
16498
16499
16500
16501
16502
16503
16504
16505
16506
16507
16508
16509
16510
16511
16512
16513
16514
16515
16516
16517
16518
16520
16521
16523
16524
16525
16526
16527
16528
16529
16530
16531
16532
16535
16536
16537
16538
16539
16540
16541
16543
16544
16545
16547
16548
16549
16552
16553
16554
16555
16556
16560
16561
16562
16563
16564
16565
16566
16567
16568
16569
16570
16571
16572
16573
16574
16575
16586
16587
16588
16590
16591
16592
16593
16594
16595
16596
16597
16598
16599
16600
16601
16602
16603
16604
16605
16608
16610
16612
16613
16614
16615
16616
16617
16625
16626
16627
16629
16630
16631
16632
16633
16635
16636
16637
16638
16639
16641
16642
16643
16644
16645
16646
16647
16648
16649
16650
16651
16652
16653
16654
16655
16658
16659
16662
16663
16664
16666
16667
16668
16669
16670
16675
16680
16681
16684
16685
16686
16687
16692
16693
16694
16696
16697
16698
16699
16700
16701
16702
16703
16704
16709
16710
16711
16712
16713
16714
16715
16716
16717
16718
16719
16720
16721
16722
16723
16724
16725
16726
16727
16728
16729
16731
16732
16733
16735
16736
16738
16739
16740
16741
16742
16743
16747
16748
16749
16750
16751
16752
16753
16754
16759
16760
16763
16764
16765
16766
16767
16768
16769
16770
16771
16772
16773
16774
16775
16776
16777
16778
16779
16780
16783
16786
16787
16788
16793
16795
16797
16802
16803
16804
16807
16812
16813
16814
16815
16816
16817
16818
16819
16820
16821
16822
16823
16824
16825
16826
16827
16829
16831
16833
16834
16835
16836
16837
16838
16839
16840
16841
16843
16844
16845
16846
16847
16848
16849
16850
16851
16852
16853
16855
16856
16857
16858
16859
16860
16861
16862
16864
16865
16866
16873
16874
16875
16876
16877
16878
16879
16880
16881
16882
16883
16884
16885
16888
16889
16890
16891
16892
16893
16895
16897
16898
16900
16901
16903
16904
16905
16907
16908
16909
16910
16912
16914
16915
16916
16917
16918
16919
16921
16922
16923
16924
16925
16926
16927
16928
16929
16930
16931
16932
16933
16934
16935
16936
16937
16938
16939
16940
16941
16942
16943
16944
16945
16946
16950
16951
16952
16953
16954
16955
16956
16961
16962
16963
16964
16965
16966
16967
16968
16969
16970
16972
16973
16974
16975
16976
16977
16978
16979
16980
16981
16984
16986
16987
16989
16993
16994
16995
16997
16998
16999
17000
17001
17002
17003
17004
17006
17007
17008
17009
17010
17011
17012
17013
17014
17015
17016
17017
17018
17019
17020
17021
17022
17023
17024
17025
17026
17027
17028
17029
17030
17031
17032
17034
17036
17039
17040
17042
17045
17046
17048
17049
17050
17051
17052
17055
17056
17057
17058
17059
17060
17061
17062
17063
17064
17065
17066
17067
17068
17069
17070
17071
17072
17074
17076
17077
17079
17080
17081
17082
17083
17084
17085
17086
17087
17088
17089
17090
17091
17092
17093
17094
17095
17096
17097
17098
17099
17101
17111
17112
17113
17114
17117
17118
17120
17121
17122
17123
17124
17125
17126
17127
17128
17129
17131
17132
17133
17134
17135
17136
17137
17138
17139
17140
17141
17143
17144
17145
17146
17147
17148
17149
17150
17151
17152
17153
17154
17155
17156
17157
17163
17164
17166
17167
17168
17169
17170
17171
17172
17180
17181
17184
17185
17186
17190
17191
17192
17193
17194
17195
17197
17198
17199
17200
17201
17202
17203
17204
17205
17206
17207
17208
17209
17210
17213
17214
17215
17218
17219
17220
17221
17222
17223
17224
17225
17226
17227
17228
17230
17231
17232
17233
17235
17236
17237
17239
17242
17243
17245
17246
17248
17249
17250
17251
17252
17253
17254
17255
17256
17257
17258
17261
17262
17263
17264
17265
17266
17267
17270
17271
17272
17273
17274
17275
17276
17277
17278
17279
17280
17281
17285
17286
17287
17292
17294
17301
17302
17303
17307
17308
17310
17312
17313
17314
17315
17317
17318
17319
17320
17321
17323
17324
17325
17326
17330
17331
17332
17333
17334
17335
17336
17337
17338
17339
17340
17341
17342
17343
17344
17345
17346
17347
17349
17350
17352
17353
17354
17355
17356
17357
17358
17359
17360
17361
17362
17363
17364
17365
17366
17367
17368
17369
17370
17371
17372
17374
17375
17376
17377
17378
17380
17382
17383
17385
17386
17387
17388
17391
17392
17393
17394
17395
17396
17397
17398
17399
17400
17401
17402
17403
17404
17405
17406
17408
17409
17410
17412
17413
17414
17416
17417
17418
17419
17421
17422
17423
17424
17425
17426
17427
17428
17429
17430
17431
17432
17433
17434
17435
17436
17437
17438
17439
17440
17441
17443
17444
17445
17446
17448
17449
17450
17451
17452
17453
17454
17455
17456
17457
17459
17460
17461
17462
17463
17464
17465
17466
17467
17468
17469
17471
17472
17473
17474
17475
17476
17477
17478
17479
17480
17481
17486
17489
17490
17492
17493
17494
17495
17496
17497
17498
17499
17500
17501
17502
17503
17504
17505
17506
17507
17508
17510
17511
17512
17513
17514
17515
17516
17517
17518
17519
17520
17521
17522
17523
17524
17525
17527
17528
17529
17531
17532
17533
17534
17535
17536
17537
17538
17539
17540
17541
17542
17545
17546
17547
17548
17549
17550
17552
17555
17556
17557
17558
17560
17561
17562
17564
17565
17566
17568
17569
17570
17571
17572
17573
17574
17575
17576
17577
17578
17579
17580
17581
17582
17583
17584
17585
17586
17587
17588
17589
17590
17591
17592
17596
17597
17598
17599
17600
17601
17602
17603
17604
17605
17606
17607
17608
17609
17610
17612
17613
17614
17615
17616
17617
17618
17619
17620
17621
17622
17623
17624
17625
17626
17627
17628
17629
17630
17631
17632
17633
17634
17635
17636
17637
17638
17639
17640
17641
17643
17647
17651
17652
17653
17654
17659
17660
17662
17663
17667
17668
17669
17670
17671
17672
17673
17675
17676
17678
17679
17683
17684
17685
17686
17687
17688
17689
17690
17691
17692
17693
17694
17695
17696
17697
17698
17699
17700
17701
17703
17704
17705
17706
17707
17710
17714
17715
17716
17719
17721
17722
17723
17724
17725
17726
17731
17732
17733
17734
17735
17736
17737
17738
17739
17740
17742
17743
17744
17745
17746
17747
17748
17750
17751
17752
17754
17755
17756
17757
17758
17759
17760
17761
17762
17763
17765
17767
17769
17770
17771
17772
17773
17774
17775
17776
17777
17778
17779
17780
17781
17784
17788
17789
17790
17791
17792
17793
17795
17796
17797
17798
17799
17800
17801
17802
17803
17804
17805
17806
17807
17811
17812
17814
17816
17817
17818
17819
17820
17821
17822
17823
17824
17825
17826
17827
17828
17829
17830
17831
17832
17833
17834
17835
17836
17837
17839
17840
17842
17843
17844
17846
17847
17852
17859
17860
17861
17862
17863
17864
17865
17866
17867
17868
17870
17871
17872
17874
17875
17876
17877
17878
17879
17880
17881
17883
17885
17887
17888
17889
17890
17891
17892
17893
17894
17895
17896
17898
17899
17900
17901
17902
17903
17904
17905
17906
17907
17908
17909
17911
17912
17913
17916
17921
17922
17923
17924
17925
17926
17931
17935
17936
17938
17941
17942
17944
17945
17946
17948
17949
17950
17951
17952
17953
17954
17955
17956
17957
17963
17964
17965
17966
17968
17969
17970
17971
17972
17973
17974
17976
17977
17979
17980
17981
17982
17983
17984
17985
17986
17987
17988
17989
17992
17993
17994
17995
17999
18000
18001
18002
18003
18004
18005
18006
18007
18008
18009
18010
18012
18013
18014
18015
18016
18017
18018
18020
18022
18023
18024
18025
18027
18028
18029
18030
18031
18033
18034
18035
18036
18038
18039
18040
18042
18043
18044
18045
18046
18047
18048
18049
18050
18054
18055
18056
18058
18059
18060
18061
18062
18063
18065
18066
18068
18069
18070
18071
18073
18074
18075
18076
18077
18078
18079
18082
18083
18084
18085
18086
18087
18088
18089
18090
18091
18092
18093
18094
18095
18098
18100
18102
18103
18104
18105
18108
18109
18110
18111
18112
18113
18114
18115
18116
18117
18118
18120
18121
18123
18125
18127
18129
18130
18131
18132
18133
18134
18135
18136
18137
18138
18139
18140
18141
18142
18143
18144
18145
18146
18147
18148
18149
18150
18151
18152
18153
18154
18155
18157
18159
18160
18161
18162
18166
18167
18168
18169
18170
18171
18172
18173
18174
18175
18176
18177
18178
18181
18185
18193
18195
18197
18198
18199
18200
18201
18202
18203
18206
18208
18209
18212
18213
18215
18216
18217
18218
18219
18220
18221
18223
18225
18226
18227
18228
18229
18230
18231
18232
18233
18234
18235
18236
18237
18238
18239
18240
18241
18242
18243
18244
18245
18247
18248
18249
18250
18251
18252
18253
18254
18255
18256
18257
18258
18259
18260
18261
18262
18263
18264
18265
18266
18268
18269
18270
18271
18276
18277
18278
18279
18281
18282
18285
18286
18287
18288
18289
18290
18291
18292
18294
18295
18296
18297
18298
18299
18300
18301
18302
18303
18304
18305
18306
18307
18308
18309
18310
18311
18315
18316
18317
18318
18319
18320
18321
18322
18323
18324
18325
18326
18327
18328
18329
18330
18331
18332
18334
18335
18336
18337
18338
18339
18340
18341
18342
18343
18344
18345
18346
18347
18348
18349
18350
18351
18352
18353
18354
18355
18356
18357
18358
18359
18361
18362
18367
18368
18369
18370
18371
18372
18373
18374
18375
18378
18380
18381
18382
18383
18384
18385
18386
18387
18388
18389
18390
18391
18392
18393
18394
18395
18396
18397
18398
18399
18400
18401
18407
18408
18409
18410
18411
18413
18415
18416
18417
18418
18419
18420
18421
18422
18423
18424
18425
18426
18427
18428
18429
18430
18431
18432
18433
18434
18435
18436
18437
18438
18439
18440
18441
18442
18443
18444
18445
18446
18447
18448
18450
18451
18452
18453
18454
18455
18456
18457
18458
18460
18461
18462
18463
18464
18465
18466
18467
18468
18469
18470
18471
18472
18473
18474
18475
18476
18477
18478
18479
18480
18483
18487
18489
18490
18491
18492
18493
18494
18495
18496
18497
18498
18502
18503
18504
18505
18506
18507
18508
18509
18510
18511
18512
18513
18514
18515
18516
18517
18518
18519
18520
18521
18522
18523
18524
18525
18526
18527
18528
18529
18530
18531
18532
18533
18534
18535
18536
18537
18538
18539
18540
18542
18543
18556
18557
18558
18572
18573
18574
18575
18576
18577
18578
18579
18580
18581
18582
18583
18584
18585
18586
18587
18588
18589
18590
18591
18592
18593
18594
18595
18596
18597
18598
18599
18600
18601
18604
18605
18606
18607
18608
18609
18610
18611
18612
18613
18614
18615
18616
18617
18618
18619
18620
18621
18622
18623
18624
18625
18626
18627
18628
18629
18630
18631
18632
18633
18634
18636
18637
18638
18639
18640
18641
18642
18643
18644
18645
18646
18648
18649
18650
18651
18652
18653
18654
18655
18656
18659
18662
18663
18664
18665
18666
18667
18669
18672
18677
18679
18682
18683
18684
18685
18686
18687
18688
18690
18691
18692
18694
18695
18697
18703
18704
18705
18706
18707
18710
18711
18712
18715
18716
18717
18718
18719
18721
18722
18723
18724
18725
18726
18727
18728
18729
18730
18731
18733
18734
18735
18736
18737
18738
18739
18741
18742
18743
18745
18746
18748
18758
18760
18761
18766
18767
18768
18769
18770
18772
18773
18774
18775
18776
18777
18778
18779
18780
18781
18782
18783
18784
18785
18786
18793
18795
18796
18797
18799
18800
18801
18803
18810
18811
18812
18813
18814
18815
18816
18817
18818
18819
18820
18821
18823
18824
18827
18828
18829
18830
18831
18833
18834
18835
18836
18837
18838
18839
18840
18841
18843
18844
18845
18846
18847
18848
18849
18850
18851
18852
18853
18854
18855
18856
18857
18858
18859
18860
18861
18862
18863
18864
18865
18866
18867
18868
18869
18870
18871
18873
18874
18875
18877
18878
18879
18880
18881
18882
18883
18884
18885
18886
18887
18888
18889
18890
18891
18893
18894
18895
18896
18897
18898
18899
18900
18901
18902
18903
18904
18905
18906
18907
18908
18909
18910
18911
18912
18913
18914
18915
18916
18917
18918
18919
18921
18924
18925
18926
18927
18928
18929
18930
18931
18932
18933
18935
18937
18938
18939
18940
18941
18942
18943
18944
18945
18946
18947
18948
18949
18950
18951
18952
18953
18954
18955
18956
18957
18958
18960
18961
18962
18964
18966
18967
18968
18969
18970
18971
18972
18973
18974
18975
18976
18977
18978
18980
18981
18982
18983
18984
18988
18991
18992
18993
18994
18995
18996
18997
18998
18999
19000
19001
19002
19003
19004
19005
19006
19007
19008
19011
19013
19014
19017
19018
19019
19020
19033
19034
19035
19036
19037
19038
19039
19040
19041
19042
19043
19044
19045
19048
19049
19050
19051
19052
19053
19054
19056
19057
19058
19059
19060
19061
19062
19063
19064
19065
19066
19067
19068
19069
19071
19072
19074
19075
19076
19077
19078
19079
19080
19081
19082
19083
19084
19085
19090
19091
19092
19093
19094
19095
19096
19097
19098
19099
19100
19101
19102
19103
19104
19105
19106
19107
19108
19109
19112
19113
19114
19115
19117
19118
19121
19122
19123
19125
19127
19128
19130
19131
19132
19133
19134
19135
19136
19137
19139
19140
19141
19142
19143
19144
19145
19146
19147
19148
19150
19151
19152
19153
19154
19155
19156
19157
19158
19159
19160
19161
19162
19163
19164
19166
19167
19168
19169
19170
19171
19173
19174
19175
19176
19185
19186
19187
19188
19189
19190
19191
19192
19193
19194
19195
19196
19197
19198
19199
19200
19201
19203
19204
19205
19206
19207
19208
19210
19211
19212
19213
19214
19215
19216
19217
19218
19219
19220
19221
19222
19223
19224
19225
19226
19227
19228
19229
19230
19231
19232
19234
19235
19236
19237
19238
19239
19241
19243
19244
19245
19246
19247
19248
19249
19250
19251
19252
19253
19254
19255
19256
19257
19258
19260
19261
19262
19263
19264
19265
19266
19267
19268
19269
19270
19271
19272
19274
19275
19276
19277
19278
19279
19280
19281
19282
19283
19285
19286
19287
19288
19289
19290
19291
19292
19293
19294
19297
19299
19300
19301
19302
19303
19304
19305
19306
19307
19308
19309
19310
19311
19313
19314
19316
19317
19318
19319
19320
19321
19322
19323
19324
19325
19326
19327
19329
19330
19331
19332
19333
19334
19335
19338
19339
19340
19341
19342
19343
19344
19345
19346
19347
19348
19349
19350
19351
19352
19353
19354
19355
19356
19357
19358
19359
19360
19361
19364
19367
19368
19369
19371
19375
19377
19396
19398
19399
19401
19402
19403
19404
19405
19407
19408
19412
19414
19415
19416
19417
19418
19419
19420
19421
19423
19424
19425
19426
19428
19429
19430
19431
19432
19433
19434
19435
19436
19437
19438
19439
19440
19442
19444
19445
19446
19447
19448
19452
19454
19455
19456
19457
19459
19460
19461
19462
19463
19464
19465
19466
19471
19472
19473
19477
19478
19479
19480
19481
19482
19483
19485
19486
19487
19488
19489
19490
19491
19495
19501
19502
19503
19504
19505
19506
19507
19508
19509
19510
19511
19512
19514
19515
19516
19517
19518
19519
19520
19523
19526
19527
19528
19529
19530
19531
19532
19533
19534
19535
19536
19537
19538
19539
19541
19542
19543
19544
19545
19546
19547
19548
19549
19550
19551
19552
19553
19554
19556
19557
19558
19559
19560
19562
19563
19565
19566
19568
19569
19570
19571
19572
19573
19574
19575
19576
19577
19579
19580
19581
19582
19583
19584
19585
19588
19599
19604
19605
19606
19608
19609
19612
19613
19616
19617
19618
19619
19620
19621
19622
19623
19628
19629
19631
19633
19636
19637
19638
19639
19642
19643
19644
19645
19646
19647
19648
19651
19652
19653
19654
19655
19656
19657
19658
19659
19660
19661
19662
19663
19664
19665
19666
19667
19668
19669
19672
19673
19674
19675
19676
19677
19678
19679
19680
19681
19686
19687
19688
19689
19693
19694
19695
19696
19706
19707
19708
19709
19710
19711
19712
19714
19717
19718
19722
19723
19730
19731
19736
19737
19738
19739
19740
19741
19743
19744
19747
19748
19749
19750
19751
19753
19754
19758
19759
19760
19761
19762
19763
19764
19765
19766
19768
19769
19770
19771
19772
19773
19774
19775
19776
19777
19778
19779
19781
19782
19783
19784
19785
19786
19787
19788
19789
19790
19791
19792
19793
19794
19795
19796
19797
19798
19799
19800
19801
19802
19803
19804
19805
19806
19807
19808
19809
19810
19811
19812
19813
19814
19815
19816
19817
19818
19819
19820
19821
19822
19824
19827
19828
19829
19830
19831
19832
19833
19834
19835
19836
19837
19838
19839
19840
19841
19842
19843
19844
19845
19847
19848
19849
19850
19851
19852
19853
19854
19856
19857
19858
19859
19861
19862
19865
19867
19869
19872
19873
19875
19877
19878
19879
19880
19881
19882
19883
19884
19886
19887
19888
19889
19890
19891
19892
19893
19894
19895
19896
19897
19898
19899
19900
19901
19902
19903
19906
19907
19908
19909
19910
19911
19912
19913
19914
19915
19916
19917
19918
19919
19920
19921
19922
19923
19925
19933
19934
19935
19936
19940
19941
19942
19943
19944
19945
19946
19947
19948
19949
19950
19951
19952
19953
19954
19955
19956
19958
19959
19960
19961
19962
19963
19964
19965
19966
19968
19969
19970
19971
19972
19973
19975
19976
19977
19978
19979
19981
19982
19983
19984
19985
19986
19987
19988
19989
19990
19991
19992
19993
19994
19995
19996
19997
19998
20002
20005
20006
20007
20008
20009
20010
20011
20012
20013
20014
20015
20016
20017
20018
20019
20020
20021
20022
20023
20024
20025
20026
20027
20028
20029
20030
20035
20038
20042
20050
20051
20052
20053
20054
20055
20058
20059
20060
20066
20067
20068
20069
20077
20078
20079
20080
20082
20083
20084
20085
20087
20088
20089
20090
20091
20092
20093
20094
20095
20096
20098
20099
20100
20102
20103
20105
20106
20107
20109
20110
20111
20112
20113
20114
20115
20116
20117
20118
20119
20120
20121
20122
20123
20124
20125
20126
20127
20128
20129
20131
20132
20133
20134
20135
20136
20137
20138
20139
20140
20141
20142
20143
20144
20145
20146
20147
20148
20149
20150
20151
20152
20153
20154
20155
20156
20159
20160
20161
20162
20174
20175
20176
20177
20178
20179
20180
20181
20182
20183
20184
20186
20187
20188
20189
20190
20191
20192
20194
20195
20196
20197
20198
20199
20200
20202
20203
20204
20205
20206
20207
20209
20210
20212
20213
20214
20215
20216
20217
20218
20219
20220
20221
20222
20225
20228
20229
20230
20231
20232
20233
20234
20235
20236
20237
20239
20240
20241
20242
20243
20247
20248
20249
20250
20252
20253
20254
20259
20266
20267
20268
20269
20270
20271
20272
20273
20274
20275
20276
20277
20278
20279
20280
20281
20282
20283
20284
20285
20286
20287
20288
20289
20290
20292
20293
20294
20298
20299
20300
20301
20302
20303
20304
20305
20306
20307
20308
20309
20310
20311
20312
20313
20314
20318
20320
20321
20322
20323
20324
20325
20326
20327
20328
20329
20330
20331
20332
20333
20335
20338
20339
20341
20342
20343
20347
20348
20349
20350
20351
20352
20353
20354
20355
20356
20357
20358
20359
20361
20362
20365
20366
20368
20369
20383
20384
20385
20387
20388
20389
20396
20397
20399
20404
20410
20411
20412
20413
20415
20416
20417
20423
20425
20429
20430
20432
20433
20434
20435
20437
20441
20444
20446
20447
20448
20449
20451
20452
20453
20454
20455
20456
20457
20458
20459
20460
20461
20462
20463
20464
20465
20466
20468
20472
20473
20474
20475
20476
20484
20485
20486
20487
20488
20489
20490
20492
20493
20494
20495
20496
20497
20498
20499
20501
20502
20503
20504
20505
20506
20508
20509
20510
20511
20512
20513
20514
20515
20516
20517
20519
20521
20522
20523
20524
20525
20526
20528
20529
20530
20531
20532
20533
20534
20535
20536
20537
20538
20539
20540
20541
20548
20549
20550
20551
20552
20553
20554
20559
20562
20563
20565
20566
20567
20568
20569
20570
20571
20572
20573
20574
20575
20576
20577
20578
20579
20580
20581
20582
20583
20584
20585
20586
20587
20588
20589
20595
20596
20597
20598
20599
20600
20601
20602
20603
20604
20605
20606
20607
20612
20619
20620
20621
20622
20623
20624
20625
20626
20627
20628
20629
20630
20631
20632
20633
20634
20635
20636
20638
20639
20640
20641
20645
20646
20647
20648
20649
20650
20651
20652
20653
20654
20655
20659
20660
20661
20662
20663
20671
20672
20673
20675
20676
20677
20678
20679
20680
20681
20682
20683
20684
20685
20686
20687
20690
20691
20692
20693
20698
20699
20700
20701
20702
20703
20705
20706
20707
20708
20709
20710
20711
20712
20713
20714
20715
20716
20717
20718
20722
20724
20725
20726
20727
20738
20739
20740
20744
20745
20746
20747
20748
20749
20750
20751
20753
20759
20760
20761
20762
20765
20766
20767
20768
20769
20770
20771
20772
20773
20774
20775
20776
20778
20779
20780
20781
20785
20786
20787
20788
20789
20791
20792
20793
20794
20797
20798
20799
20800
20801
20802
20803
20804
20805
20806
20807
20808
20809
20810
20811
20814
20816
20820
20822
20823
20824
20825
20826
20827
20828
20829
20830
20831
20832
20833
20834
20835
20836
20837
20838
20839
20840
20841
20842
20843
20844
20846
20847
20848
20849
20850
20851
20852
20853
20854
20855
20856
20857
20858
20859
20862
20863
20864
20865
20866
20867
20868
20869
20870
20871
20872
20875
20876
20877
20878
20879
20880
20881
20882
20883
20884
20892
20893
20894
20895
20896
20898
20899
20900
20901
20902
20903
20904
20905
20906
20907
20908
20909
20910
20911
20912
20913
20914
20915
20916
20917
20921
20928
20929
20931
20932
20933
20934
20935
20936
20937
20939
20940
20943
20944
20945
20946
20947
20948
20949
20950
20951
20952
20953
20954
20955
20956
20957
20959
20960
20961
20962
20963
20964
20965
20966
20968
20969
20971
20972
20973
20975
20976
20977
20978
20979
20980
20981
20982
20996
20997
20998
20999
21000
21001
21002
21003
21004
21005
21006
21007
21009
21010
21011
21012
21020
21021
21022
21023
21027
21029
21030
21031
21032
21033
21034
21035
21036
21037
21038
21039
21040
21041
21042
21043
21044
21045
21046
21047
21048
21049
21050
21051
21052
21053
21054
21055
21056
21057
21058
21059
21060
21061
21062
21063
21064
21065
21066
21067
21068
21069
21070
21071
21075
21076
21077
21078
21079
21080
21081
21082
21083
21084
21087
21088
21089
21090
21091
21092
21093
21094
21095
21096
21098
21105
21106
21107
21108
21109
21110
21111
21112
21113
21114
21115
21116
21117
21119
21120
21121
21122
21123
21124
21125
21126
21127
21128
21130
21131
21132
21133
21134
21136
21137
21138
21139
21145
21146
21147
21148
21149
21150
21151
21152
21153
21154
21155
21156
21157
21158
21159
21160
21162
21166
21167
21169
21171
21172
21173
21176
21177
21183
21187
21188
21189
21190
21191
21192
21193
21194
21195
21196
21197
21200
21201
21202
21203
21204
21205
21206
21207
21208
21210
21211
21212
21213
21214
21215
21216
21217
21220
21221
21222
21223
21224
21225
21226
21227
21228
21229
21230
21231
21232
21233
21234
21235
21236
21237
21238
21240
21241
21242
21243
21244
21245
21246
21247
21248
21249
21250
21251
21252
21253
21254
21255
21257
21258
21259
21260
21261
21262
21263
21264
21265
21266
21267
21268
21269
21270
21273
21274
21275
21277
21278
21279
21300
21301
21302
21304
21308
21310
21311
21312
21313
21314
21315
21316
21323
21326
21328
21334
21335
21336
21347
21348
21349
21350
21351
21352
21353
21354
21355
21356
21357
21358
21359
21360
21361
21362
21363
21365
21366
21367
21368
21369
21370
21371
21372
21373
21374
21375
21376
21377
21378
21379
21380
21381
21382
21383
21384
21385
21386
21387
21388
21389
21390
21391
21392
21393
21394
21395
21396
21397
21399
21400
21402
21403
21408
21409
21410
21411
21412
21413
21414
21420
21421
21422
21423
21424
21425
21426
21428
21430
21431
21432
21433
21434
21435
21436
21437
21438
21440
21441
21443
21444
21446
21447
21448
21455
21456
21457
21458
21459
21461
21462
21463
21464
21465
21466
21467
21468
21469
21470
21471
21474
21475
21476
21477
21478
21479
21480
21481
21482
21483
21484
21485
21486
21487
21488
21490
21491
21492
21493
21494
21495
21501
21502
21504
21505
21506
21507
21508
21509
21510
21511
21512
21513
21514
21515
21516
21517
21518
21519
21520
21522
21526
21527
21528
21529
21530
21531
21532
21533
21534
21535
21536
21537
21538
21539
21540
21541
21542
21543
21547
21548
21549
21550
21552
21553
21555
21556
21559
21560
21561
21562
21575
21578
21579
21580
21581
21582
21584
21585
21586
21587
21588
21589
21590
21592
21602
21605
21609
21613
21614
21615
21616
21622
21624
21626
21627
21628
21629
21630
21631
21632
21634
21637
21639
21642
21643
21644
21645
21646
21647
21648
21649
21650
21651
21652
21655
21657
21659
21661
21667
21669
21670
21671
21672
21673
21674
21675
21676
21677
21678
21679
21680
21681
21682
21685
21686
21687
21688
21689
21690
21691
21692
21693
21694
21695
21696
21697
21698
21699
21700
21703
21704
21705
21706
21707
21709
21710
21711
21712
21713
21714
21715
21717
21718
21720
21725
21726
21727
21728
21729
21730
21731
21732
21733
21735
21737
21738
21739
21740
21741
21743
21744
21745
21746
21747
21748
21749
21750
21751
21752
21753
21754
21755
21756
21757
21758
21759
21760
21761
21762
21763
21764
21767
21768
21769
21770
21771
21772
21773
21774
21775
21776
21777
21779
21780
21781
21782
21783
21784
21785
21786
21787
21788
21789
21790
21791
21792
21793
21794
21795
21796
21797
21798
21799
21800
21801
21802
21803
21804
21805
21806
21807
21808
21809
21810
21811
21812
21813
21814
21816
21818
21820
21821
21822
21823
21824
21825
21826
21827
21828
21829
21830
21831
21832
21833
21834
21835
21836
21837
21838
21839
21840
21841
21842
21843
21844
21845
21846
21847
21848
21849
21850
21851
21852
21853
21856
21857
21858
21859
21860
21864
21865
21867
21869
21870
21871
21873
21874
21875
21876
21877
21878
21879
21880
21881
21882
21883
21884
21885
21886
21887
21888
21889
21890
21892
21893
21895
21896
21897
21901
21902
21903
21904
21905
21906
21907
21908
21910
21911
21912
21913
21914
21915
21916
21917
21918
21919
21920
21921
21922
21923
21924
21925
21927
21928
21929
21931
21932
21933
21934
21935
21936
21937
21938
21939
21940
21941
21942
21943
21946
21947
21948
21949
21952
21953
21955
21960
21963
21964
21966
21968
21971
21977
21978
21979
21980
21981
21983
21984
21985
21986
21989
21990
21991
21992
21993
21994
21995
21996
21997
21998
21999
22000
22001
22002
22003
22005
22006
22007
22008
22010
22011
22012
22013
22014
22015
22020
22021
22022
22023
22025
22026
22027
22028
22029
22030
22031
22032
22034
22035
22036
22038
22039
22040
22041
22042
22043
22044
22045
22046
22047
22049
22050
22051
22052
22055
22056
22057
22058
22059
22060
22061
22062
22063
22064
22065
22066
22067
22068
22069
22070
22071
22072
22073
22074
22075
22076
22078
22079
22080
22081
22082
22087
22088
22089
22090
22091
22093
22094
22095
22096
22097
22098
22099
22100
22101
22102
22103
22104
22106
22107
22108
22109
22111
22112
22113
22114
22115
22116
22117
22118
22119
22120
22121
22122
22123
22124
22125
22126
22127
22128
22129
22130
22131
22132
22133
22134
22135
22137
22138
22139
22140
22141
22142
22143
22144
22145
22147
22148
22150
22151
22152
22153
22154
22155
22156
22160
22168
22171
22172
22173
22174
22175
22177
22178
22179
22180
22182
22183
22185
22187
22188
22190
22191
22193
22194
22195
22196
22197
22198
22199
22200
22201
22202
22206
22208
22216
22217
22218
22223
22225
22226
22227
22228
22229
22230
22231
22232
22233
22234
22235
22236
22237
22238
22239
22240
22241
22242
22243
22244
22245
22246
22247
22248
22249
22250
22251
22252
22253
22254
22255
22256
22257
22258
22259
22260
22261
22262
22263
22265
22266
22267
22268
22270
22271
22272
22273
22274
22275
22276
22277
22279
22280
22281
22282
22283
22285
22286
22287
22288
22289
22291
22301
22302
22303
22304
22305
22306
22307
22308
22309
22310
22311
22312
22313
22314
22315
22316
22317
22318
22319
22320
22321
22322
22323
22324
22326
22327
22328
22329
22330
22331
22332
22333
22334
22335
22336
22337
22338
22339
22340
22341
22342
22343
22344
22345
22346
22347
22348
22349
22350
22351
22352
22353
22354
22355
22356
22357
22358
22359
22360
22361
22362
22364
22365
22370
22373
22375
22376
22377
22378
22379
22380
22381
22382
22383
22384
22385
22386
22387
22397
22398
22399
22400
22401
22402
22403
22404
22405
22406
22407
22408
22409
22410
22411
22412
22413
22414
22415
22416
22417
22418
22419
22420
22421
22422
22423
22424
22425
22426
22427
22428
22429
22430
22431
22432
22433
22434
22436
22438
22439
22442
22443
22444
22445
22446
22447
22448
22449
22450
22451
22452
22453
22454
22455
22456
22457
22458
22459
22460
22461
22462
22463
22464
22465
22466
22467
22468
22469
22470
22471
22472
22473
22474
22475
22476
22477
22478
22479
22480
22481
22482
22483
22484
22485
22486
22487
22488
22489
22490
22491
22492
22493
22494
22495
22496
22497
22498
22499
22500
22504
22505
22506
22507
22508
22509
22510
22511
22512
22514
22515
22516
22517
22519
22520
22521
22522
22523
22524
22525
22526
22527
22528
22530
22531
22532
22534
22535
22536
22537
22538
22539
22540
22541
22542
22543
22548
22549
22550
22551
22552
22553
22554
22555
22556
22557
22560
22564
22565
22566
22567
22569
22570
22571
22572
22573
22575
22576
22577
22578
22579
22580
22581
22582
22583
22584
22585
22586
22587
22588
22589
22590
22591
22592
22602
22603
22617
22618
22620
22621
22622
22623
22624
22625
22626
22628
22629
22630
22631
22632
22634
22635
22637
22654
22658
22662
22664
22667
22668
22669
22670
22671
22673
22674
22675
22676
22677
22678
22679
22680
22681
22682
22683
22684
22685
22686
22687
22688
22689
22690
22691
22692
22694
22695
22696
22697
22698
22699
22700
22701
22702
22703
22704
22705
22706
22707
22708
22709
22710
22711
22712
22713
22714
22715
22716
22717
22718
22719
22720
22722
22724
22725
22726
22727
22728
22730
22731
22732
22733
22734
22735
22736
22737
22738
22739
22740
22741
22742
22744
22745
22750
22751
22752
22753
22757
22758
22759
22760
22761
22762
22763
22764
22765
22768
22769
22770
22771
22772
22773
22774
22775
22777
22778
22779
22780
22781
22782
22785
22787
22788
22789
22790
22791
22792
22793
22794
22795
22796
22797
22798
22799
22800
22801
22802
22803
22804
22805
22806
22807
22808
22809
22810
22811
22814
22815
22816
22817
22818
22820
22821
22822
22823
22824
22825
22826
22827
22828
22830
22831
22832
22833
22834
22835
22836
22837
22838
22839
22841
22842
22843
22844
22845
22846
22847
22848
22849
22850
22851
22852
22853
22854
22855
22856
22857
22858
22859
22860
22861
22862
22863
22864
22865
22866
22867
22868
22869
22871
22872
22873
22874
22875
22876
22878
22879
22880
22881
22882
22883
22884
22885
22886
22887
22888
22889
22890
22891
22892
22893
22894
22895
22897
22898
22899
22900
22901
22902
22903
22904
22905
22906
22907
22908
22909
22910
22912
22915
22916
22917
22918
22919
22920
22921
22922
22923
22924
22925
22927
22928
22929
22930
22931
22932
22934
22935
22936
22937
22938
22939
22940
22941
22942
22943
22944
22945
22946
22947
22948
22949
22950
22951
22954
22955
22957
22959
22960
22961
22962
22963
22964
22968
22969
22970
22971
22972
22973
22974
22975
22976
22977
22978
22979
22980
22983
22984
22985
22986
22987
22988
22989
22990
22991
22992
22993
22994
22995
22996
22997
22999
23000
23001
23004
23005
23006
23007
23008
23009
23010
23011
23012
23013
23014
23029
23030
23031
23032
23033
23034
23035
23036
23037
23039
23040
23041
23042
23043
23045
23046
23047
23048
23049
23050
23052
23054
23055
23056
23057
23058
23059
23060
23061
23062
23063
23064
23065
23066
23067
23069
23071
23072
23073
23074
23075
23076
23077
23078
23079
23080
23081
23082
23083
23084
23085
23086
23087
23088
23089
23090
23091
23092
23093
23094
23095
23096
23097
23098
23099
23100
23101
23102
23103
23104
23105
23106
23107
23108
23109
23110
23111
23113
23114
23115
23117
23118
23119
23120
23130
23131
23132
23133
23134
23135
23137
23138
23139
23140
23141
23142
23143
23144
23145
23147
23148
23149
23150
23151
23152
23153
23154
23155
23157
23160
23161
23162
23163
23164
23165
23166
23167
23168
23169
23170
23171
23172
23173
23174
23175
23176
23177
23178
23179
23183
23185
23186
23187
23188
23189
23190
23191
23192
23193
23194
23195
23196
23197
23198
23199
23200
23201
23202
23203
23204
23205
23206
23208
23210
23211
23212
23213
23214
23215
23216
23217
23218
23219
23220
23221
23222
23229
23230
23233
23234
23235
23236
23237
23238
23239
23240
23241
23242
23247
23251
23252
23256
23259
23260
23265
23266
23267
23268
23269
23270
23271
23274
23275
23276
23277
23278
23279
23280
23281
23283
23285
23287
23289
23293
23294
23295
23296
23297
23299
23300
23301
23302
23304
23305
23306
23307
23308
23309
23310
23311
23312
23313
23314
23315
23317
23318
23319
23320
23321
23322
23324
23325
23326
23327
23328
23329
23330
23331
23332
23334
23335
23336
23337
23338
23339
23340
23341
23342
23343
23344
23345
23346
23347
23348
23350
23351
23352
23353
23354
23355
23356
23357
23358
23359
23360
23361
23362
23364
23365
23366
23367
23368
23369
23370
23371
23372
23374
23375
23376
23377
23378
23379
23380
23381
23382
23383
23384
23386
23387
23388
23390
23391
23392
23393
23394
23395
23396
23397
23398
23399
23400
23401
23402
23403
23404
23405
23406
23407
23408
23409
23410
23412
23413
23414
23415
23416
23417
23418
23419
23421
23424
23425
23426
23427
23428
23429
23430
23431
23432
23433
23434
23435
23436
23437
23438
23439
23440
23441
23443
23444
23445
23446
23447
23448
23449
23450
23451
23452
23453
23454
23456
23457
23458
23459
23460
23461
23462
23463
23464
23467
23468
23469
23470
23471
23472
23473
23474
23475
23476
23477
23478
23479
23480
23481
23482
23483
23484
23485
23486
23487
23488
23489
23490
23491
23492
23493
23496
23497
23498
23506
23507
23508
23513
23515
23516
23517
23519
23520
23521
23522
23523
23524
23526
23527
23528
23529
23530
23531
23532
23533
23534
23535
23536
23537
23538
23539
23540
23541
23542
23543
23544
23545
23546
23547
23548
23549
23550
23552
23553
23554
23555
23556
23557
23558
23559
23560
23561
23562
23563
23564
23570
23571
23573
23574
23576
23577
23578
23579
23580
23581
23582
23583
23584
23585
23586
23587
23588
23589
23590
23591
23592
23593
23594
23595
23597
23598
23600
23601
23602
23603
23604
23605
23606
23607
23609
23610
23613
23621
23622
23623
23624
23625
23626
23627
23628
23629
23630
23631
23632
23633
23634
23636
23637
23638
23639
23640
23641
23642
23643
23644
23645
23646
23647
23648
23649
23650
23651
23652
23653
23654
23655
23656
23657
23658
23659
23660
23661
23662
23663
23664
23665
23666
23667
23668
23669
23670
23671
23672
23673
23674
23675
23676
23677
23679
23680
23681
23682
23683
23684
23685
23688
23690
23691
23693
23694
23695
23696
23697
23702
23703
23704
23705
23706
23707
23708
23709
23710
23712
23713
23714
23715
23716
23717
23718
23720
23721
23722
23723
23724
23725
23726
23727
23728
23729
23730
23731
23732
23733
23734
23735
23736
23737
23738
23739
23740
23741
23742
23743
23744
23745
23746
23747
23748
23749
23750
23751
23752
23753
23754
23755
23756
23757
23758
23759
23760
23761
23762
23763
23764
23770
23771
23773
23774
23776
23778
23779
23780
23782
23787
23788
23789
23790
23791
23792
23793
23794
23795
23796
23797
23798
23799
23800
23801
23802
23803
23804
23805
23806
23807
23808
23809
23810
23811
23812
23815
23816
23818
23820
23822
23823
23824
23825
23827
23830
23832
23834
23835
23836
23837
23838
23839
23840
23841
23842
23843
23844
23845
23849
23850
23851
23852
23853
23854
23855
23856
23857
23858
23859
23860
23861
23862
23863
23864
23865
23866
23867
23868
23869
23870
23871
23872
23875
23876
23877
23878
23880
23881
23882
23883
23884
23885
23886
23887
23888
23889
23890
23891
23892
23893
23894
23895
23896
23897
23898
23899
23900
23901
23902
23903
23907
23908
23909
23910
23911
23912
23913
23914
23918
23919
23920
23923
23924
23926
23927
23928
23929
23930
23931
23934
23935
23936
23937
23938
23939
23940
23941
23942
23943
23944
23945
23946
23951
23953
23954
23955
23956
23957
23958
23959
23960
23961
23962
23963
23964
23965
23966
23967
23968
23969
23970
23971
23973
23977
23978
23979
23980
23981
23983
23984
23985
23986
23987
23988
23989
23990
23991
23992
23993
23994
23995
23996
23997
23998
23999
24000
24001
24002
24003
24004
24005
24006
24007
24008
24009
24010
24011
24012
24013
24014
24016
24018
24019
24020
24021
24022
24023
24024
24025
24026
24027
24028
24029
24030
24031
24032
24033
24034
24035
24036
24037
24038
24039
24040
24042
24044
24045
24047
24048
24049
24050
24051
24052
24053
24054
24055
24056
24057
24058
24059
24060
24061
24062
24064
24066
24067
24068
24069
24070
24071
24078
24080
24081
24082
24083
24085
24087
24088
24089
24090
24091
24092
24093
24094
24095
24097
24098
24099
24101
24102
24103
24104
24105
24106
24107
24108
24109
24110
24111
24112
24113
24114
24115
24116
24117
24118
24119
24120
24122
24123
24124
24125
24126
24127
24128
24129
24130
24131
24132
24135
24138
24139
24144
24145
24146
24147
24148
24149
24150
24151
24152
24153
24154
24156
24157
24158
24159
24160
24162
24164
24165
24166
24167
24170
24171
24172
24173
24174
24176
24177
24178
24179
24180
24181
24182
24183
24184
24186
24187
24188
24189
24190
24191
24194
24195
24197
24198
24199
24200
24201
24202
24203
24205
24206
24208
24209
24210
24211
24212
24213
24214
24216
24218
24219
24220
24222
24223
24225
24226
24230
24232
24233
24234
24235
24236
24237
24238
24239
24240
24241
24242
24243
24245
24246
24248
24249
24250
24251
24254
24255
24257
24258
24259
24260
24261
24263
24264
24265
24266
24268
24271
24272
24273
24274
24276
24277
24278
24283
24285
24286
24289
24290
24291
24293
24295
24296
24297
24298
24299
24300
24301
24302
24303
24304
24305
24306
24307
24308
24309
24310
24311
24312
24313
24314
24316
24317
24318
24319
24320
24321
24322
24323
24325
24326
24327
24328
24329
24331
24332
24333
24335
24336
24337
24338
24339
24340
24341
24342
24343
24344
24346
24347
24348
24349
24350
24351
24352
24354
24355
24357
24358
24359
24360
24361
24362
24363
24364
24365
24366
24367
24369
24374
24376
24377
24378
24379
24380
24381
24382
24383
24384
24385
24386
24387
24388
24389
24390
24391
24392
24393
24394
24395
24396
24397
24400
24401
24402
24403
24404
24405
24406
24407
24408
24409
24410
24412
24416
24417
24418
24419
24421
24422
24423
24425
24426
24427
24428
24429
24430
24431
24432
24433
24434
24435
24436
24437
24438
24439
24441
24442
24443
24444
24445
24446
24447
24448
24449
24450
24451
24452
24453
24454
24455
24456
24457
24459
24460
24461
24462
24463
24464
24466
24467
24469
24470
24471
24472
24473
24474
24475
24477
24478
24479
24480
24481
24482
24483
24484
24485
24486
24487
24488
24489
24490
24491
24492
24493
24494
24495
24496
24497
24498
24499
24500
24502
24503
24505
24506
24508
24509
24510
24511
24512
24513
24514
24515
24516
24517
24518
24519
24520
24521
24522
24523
24524
24525
24526
24528
24529
24530
24531
24532
24533
24535
24536
24537
24538
24539
24540
24541
24542
24544
24545
24546
24547
24548
24549
24550
24551
24552
24553
24554
24555
24556
24557
24558
24559
24560
24561
24562
24563
24564
24565
24566
24567
24568
24569
24570
24571
24572
24573
24575
24576
24578
24580
24582
24583
24584
24585
24586
24587
24588
24589
24590
24591
24592
24593
24594
24595
24596
24597
24598
24599
24600
24601
24602
24603
24606
24608
24609
24610
24611
24612
24613
24614
24615
24616
24617
24618
24619
24620
24622
24624
24625
24626
24627
24628
24629
24630
24631
24632
24633
24635
24636
24637
24640
24641
24642
24643
24644
24645
24646
24648
24649
24650
24651
24652
24653
24654
24657
24658
24659
24660
24661
24662
24666
24667
24668
24670
24671
24673
24674
24676
24677
24678
24684
24685
24686
24687
24688
24689
24691
24693
24695
24696
24697
24698
24699
24700
24702
24703
24705
24707
24708
24709
24710
24711
24712
24714
24715
24716
24717
24718
24719
24720
24721
24722
24723
24724
24725
24726
24727
24728
24729
24730
24732
24733
24735
24736
24737
24738
24739
24751
24752
24753
24754
24755
24756
24757
24758
24759
24760
24761
24762
24763
24765
24766
24767
24770
24771
24772
24773
24774
24775
24777
24778
24779
24780
24781
24782
24783
24784
24785
24786
24791
24792
24793
24794
24795
24796
24798
24799
24800
24801
24802
24803
24804
24805
24806
24807
24808
24809
24810
24811
24812
24813
24814
24815
24816
24817
24818
24819
24820
24821
24822
24823
24824
24825
24826
24827
24828
24829
24830
24833
24834
24835
24836
24837
24838
24839
24840
24841
24842
24843
24844
24845
24846
24847
24848
24849
24851
24852
24853
24854
24855
24856
24857
24858
24859
24860
24861
24862
24864
24865
24866
24867
24868
24871
24873
24874
24875
24876
24877
24878
24879
24880
24881
24885
24886
24887
24888
24889
24890
24891
24892
24893
24894
24895
24896
24897
24898
24899
24900
24901
24902
24903
24904
24905
24906
24907
24908
24909
24910
24911
24912
24913
24915
24918
24919
24931
24933
24934
24935
24936
24937
24938
24939
24940
24942
24943
24947
24948
24949
24950
24951
24953
24954
24955
24956
24957
24958
24960
24961
24962
24968
24969
24970
24971
24972
24973
24974
24975
24977
24985
24986
24987
24989
24990
24991
24993
24994
24996
24998
24999
25000
25001
25002
25003
25004
25005
25006
25007
25008
25010
25011
25012
25013
25014
25015
25016
25017
25018
25019
25020
25021
25022
25024
25026
25027
25028
25029
25030
25031
25032
25033
25034
25035
25036
25037
25038
25039
25040
25041
25042
25043
25044
25045
25046
25047
25050
25051
25054
25055
25056
25058
25059
25060
25061
25062
25063
25065
25066
25073
25074
25075
25076
25080
25081
25082
25083
25084
25085
25086
25087
25088
25089
25090
25091
25092
25093
25094
25095
25096
25101
25103
25104
25105
25107
25109
25112
25113
25114
25116
25117
25118
25119
25120
25123
25124
25126
25129
25130
25131
25132
25133
25134
25135
25136
25137
25138
25139
25140
25141
25143
25144
25145
25146
25147
25148
25149
25150
25151
25152
25153
25155
25156
25158
25159
25160
25161
25166
25167
25168
25169
25170
25171
25173
25174
25175
25176
25177
25178
25179
25180
25181
25182
25183
25184
25185
25186
25187
25188
25189
25190
25191
25192
25193
25194
25197
25198
25199
25200
25201
25205
25206
25207
25209
25210
25211
25212
25213
25214
25215
25216
25217
25218
25219
25220
25221
25223
25224
25225
25226
25227
25228
25229
25230
25232
25234
25235
25236
25237
25238
25239
25240
25241
25246
25247
25248
25249
25251
25252
25254
25259
25260
25261
25262
25263
25264
25268
25269
25271
25272
25273
25274
25275
25276
25277
25278
25280
25281
25282
25283
25284
25288
25289
25290
25291
25292
25293
25294
25295
25296
25297
25298
25300
25301
25302
25303
25304
25305
25306
25307
25308
25309
25310
25311
25312
25313
25315
25316
25317
25318
25319
25320
25321
25323
25324
25326
25327
25328
25329
25330
25331
25332
25333
25334
25335
25336
25338
25339
25340
25345
25347
25348
25349
25350
25351
25352
25353
25354
25355
25356
25357
25358
25359
25361
25362
25364
25365
25366
25367
25368
25369
25370
25371
25372
25373
25374
25375
25376
25377
25378
25379
25380
25385
25386
25387
25388
25389
25390
25391
25393
25394
25395
25396
25398
25403
25404
25405
25406
25407
25408
25409
25410
25411
25414
25415
25416
25417
25418
25423
25424
25425
25426
25428
25429
25430
25431
25432
25433
25434
25435
25436
25437
25438
25439
25440
25441
25443
25444
25445
25447
25451
25452
25453
25457
25458
25459
25460
25461
25462
25463
25464
25466
25467
25468
25469
25472
25473
25474
25475
25476
25477
25478
25479
25480
25481
25482
25483
25485
25486
25487
25488
25489
25490
25493
25497
25499
25500
25501
25502
25503
25504
25509
25510
25511
25512
25513
25514
25515
25516
25517
25519
25520
25521
25522
25524
25525
25526
25527
25528
25529
25530
25531
25532
25533
25534
25535
25537
25538
25539
25540
25541
25545
25547
25548
25549
25550
25551
25552
25553
25554
25555
25556
25557
25558
25560
25561
25562
25563
25564
25570
25571
25572
25573
25574
25575
25576
25577
25578
25579
25580
25581
25583
25584
25588
25589
25590
25591
25592
25593
25594
25595
25596
25597
25599
25600
25601
25602
25603
25604
25605
25606
25607
25608
25611
25612
25613
25614
25615
25616
25617
25618
25619
25620
25621
25622
25623
25624
25625
25626
25627
25630
25631
25639
25640
25641
25642
25643
25644
25645
25649
25650
25651
25652
25653
25657
25658
25667
25668
25669
25670
25671
25672
25673
25674
25675
25676
25678
25679
25680
25681
25682
25683
25684
25685
25686
25687
25688
25689
25690
