4360
173
174
391
438
442
461
463
465
466
467
468
469
470
474
585
688
747
977
984
1298
1320
1321
1343
1348
1372
1382
1383
1384
1385
1844
1920
1957
2171
2235
2241
2246
2253
2257
2265
2516
2619
2675
2717
2719
2764
2766
2768
2863
2864
2870
2917
2952
2988
3029
3031
3032
3035
3036
3038
3044
3155
3160
3288
3297
3317
3324
3329
3337
3356
3503
3505
3829
4001
4063
4215
4221
4222
4223
4230
4233
4243
4427
4442
4484
4947
5009
5014
5015
5016
5132
5163
5217
5382
5383
5386
5412
5434
5520
5521
5887
6049
6066
6081
6082
6083
6084
6156
6167
6168
6169
6170
6261
6293
6323
6342
6465
6482
6505
6756
6761
6763
6765
6772
6773
6774
6775
6784
6797
6798
7144
7145
7154
7381
7412
7652
7699
7742
7807
7808
7809
7811
7919
8036
8274
8375
8465
8471
8633
8635
8946
8948
8949
9388
9394
9402
9434
9473
9511
9596
9654
9778
9895
9896
9904
9911
9922
9935
9945
9949
9950
9951
9953
9954
9955
9956
10051
10115
10237
10238
10241
10271
10380
10383
10473
10475
10680
10756
10827
10964
11153
11201
11313
11401
11420
11649
11688
11706
11707
11861
12031
12069
12297
12759
12760
12847
12848
12849
12850
12876
12900
12971
13081
13083
13084
13161
13261
13266
13480
13695
13696
13697
13709
13710
13712
13751
13756
13757
13758
13779
13784
13817
13828
13829
13830
13907
13999
