13803
87
89
245
246
456
590
779
790
1046
1047
1296
1788
2031
2173
2309
2513
2524
2525
2654
2688
2700
3253
3258
3631
3711
3734
4090
4120
4381
4438
4447
4492
4526
4528
4600
4715
4868
5008
5040
5447
5478
5898
6246
6258
6268
6289
6346
6529
6590
6717
7179
7248
7266
7276
7415
7802
8096
8495
8739
8768
8956
8974
9026
9033
9047
9048
9337
9383
9384
9441
9443
9544
9595
9701
9703
10127
10388
10470
10471
10702
10710
11013
11097
11098
11113
11219
11376
11575
11620
11640
11678
11679
11694
12008
12294
12536
12756
12770
12778
12779
12857
13408
13506
13667
13819
13904
14408
14523
14593
14720
14770
14861
14872
14873
15017
15023
15060
15259
15357
15470
15561
15577
15581
15758
15816
15846
15874
16052
16465
16682
16794
16800
16801
16896
17304
17373
17411
17785
17815
17915
17943
17967
17997
18080
18183
18188
18214
18699
18732
18759
18771
18798
18923
19009
19010
19030
19047
19202
19578
19742
19745
19746
19823
20031
20291
20414
20426
20450
20547
20812
21008
21209
21271
21276
21317
21521
21606
21625
21684
21909
22054
22161
22192
22264
22363
22503
22663
22729
22756
22776
22784
22911
22982
23038
23044
23136
23181
23182
23243
23245
23261
23510
23599
23765
23766
23767
23947
24063
24086
24096
24244
24270
24275
24368
24706
24734
24789
24850
24869
24988
25009
25097
25102
25233
25267
25314
25660
