7813
435
484
993
1340
1341
1398
2127
2342
3154
3156
3157
3239
3280
3292
3415
3697
4216
4217
4224
4244
4251
4541
4876
4879
4880
5227
5228
6160
6161
6461
6579
6738
6740
6764
6782
6787
7048
7766
7767
7803
7806
7834
8095
8585
8939
9897
11312
11629
11859
12492
12829
13337
13713
13766
13767
13770
13859
13879
14110
14507
14542
14595
14596
14633
14862
14993
15158
15159
15160
15219
15232
15272
15638
16620
16634
17106
17110
17115
17728
17854
17939
18702
18709
19381
19387
19389
19390
19391
19392
19592
20421
20642
20736
21564
21570
22084
22639
23611
24073
24074
24284
24621
25165
25401
