14100
14102
14104
14112
14182
14574
14582
14587
14590
14664
14672
14721
14733
14744
14874
14921
15111
15150
15217
15252
15253
15256
15358
15376
15541
15743
15747
15791
15891
16186
16392
16558
16618
16657
16661
16671
16672
16674
16683
16805
16806
17078
17102
17104
17116
17175
17189
17295
17298
17553
17650
17730
17741
17917
17933
18011
18204
18205
18377
18414
18713
18720
19016
19022
19023
19024
19025
19026
19336
19337
19382
19383
19388
19395
19397
19499
19564
19567
19589
19595
19597
19600
19601
19607
19649
19650
19938
19999
20065
20165
20208
20400
20402
20403
20406
20407
20422
20428
20438
20442
20482
20644
20689
20729
20730
20737
20888
20889
20890
20891
21074
21099
21103
21219
21256
21272
21284
21287
21306
21307
21405
21406
21557
21566
21594
21604
22292
22293
22294
22388
22513
22533
22559
22613
22638
22640
22641
22642
22643
22644
22647
22665
22666
22812
23002
23016
23017
23018
23019
23020
23021
23027
23128
23129
23316
23420
23511
23783
23784
24015
24077
24134
24370
24749
24921
24923
24925
24928
25049
25162
25163
25172
25412
25413
25544
25632
25637
