19561
57
61
151
170
171
473
584
661
835
841
991
992
1162
1615
1616
1617
1737
1738
1739
1843
2130
2227
2247
2248
2565
2715
2722
2841
2846
2847
2848
2865
2967
3030
3276
3296
3694
3717
3718
3722
3724
3726
3827
3831
4159
4275
4299
4301
4424
4443
4672
4676
4857
5007
5010
5017
5018
5019
5140
5221
5529
5575
5729
6048
6137
6217
6218
6219
6316
6531
6544
6549
7117
7198
7217
7239
7356
7392
7683
7889
7897
7898
7974
8193
8307
8314
8608
8609
8728
9409
9728
9810
9988
10061
10087
10199
10211
10212
10268
10433
10474
10571
10583
11020
11179
11180
11424
11526
11527
11530
11814
11848
11852
11867
11868
11946
11990
11994
12066
12068
12070
12460
12508
12732
12824
12827
12828
12846
12964
13517
13590
13594
13775
13885
13886
13980
14113
14670
14671
14693
14891
15170
15171
16044
16157
16224
16449
16469
16490
16576
16755
16781
16785
16947
16948
16949
17037
17041
17178
17179
17196
17282
17283
17284
17290
17291
17351
17458
17526
17808
17929
17958
17962
18224
18602
18876
18892
19312
19362
19363
19376
19379
19384
19385
19682
19932
20130
20167
20168
20337
20405
20408
20688
20694
20696
20697
20704
20733
20734
20735
20777
20897
21129
21198
21199
21218
21364
21404
21545
21546
21658
21719
21815
21817
21926
21959
21961
21962
22284
22435
22437
22440
22651
22721
22952
22953
22958
23051
23273
23284
23286
23288
23385
23411
23692
23982
24262
24267
24330
24399
24604
24692
24764
24769
25072
25078
25079
25654
25656
