11118
65
70
74
93
187
189
386
402
436
437
440
481
490
583
830
831
832
836
837
864
1000
1300
1349
1350
1389
1395
1409
1414
1416
1417
1418
1430
1431
1579
1610
1611
1694
1695
1890
1893
1895
1910
1911
1912
1913
1917
1918
1967
1968
1969
2085
2121
2170
2192
2232
2233
2237
2240
2243
2497
2517
2518
2539
2562
2563
3002
3137
3138
3244
3303
3311
3414
3609
3613
3691
3693
3695
3732
3813
3814
3815
3816
3875
3877
4271
4553
4617
4683
4684
4907
4908
4944
5001
5002
5003
5004
5005
5006
5020
5021
5022
5023
5024
5031
5033
5034
5035
5068
5171
5213
5230
5263
5336
5384
5418
5421
5698
5699
5707
5708
5709
5798
5800
5806
5807
5809
5889
5953
6078
6165
6166
6220
6221
6242
6264
6265
6266
6267
6336
6540
6542
6709
6710
6711
6712
6714
6730
6731
6732
6741
6760
6762
6776
6777
6778
6779
6780
6996
7077
7078
7079
7080
7081
7082
7100
7101
7102
7103
7105
7115
7146
7383
7385
7386
7387
7442
7573
7587
7633
7695
7697
7815
7816
7856
7988
8228
8247
8252
8377
8421
8425
8426
8428
8483
8530
8531
8554
8663
8664
8757
8805
8808
8817
8845
8871
8873
8874
8875
8955
8992
8995
9131
9237
9353
9354
9355
9358
9408
9422
9426
9428
9471
9472
9615
9669
9706
9782
9786
9787
9788
9811
9941
9942
10000
10004
10050
10052
10239
10240
10377
10387
10428
10455
10461
10462
10464
10465
10466
10467
10468
10469
10482
10534
10536
10678
10703
10730
10863
10866
10867
10868
10870
10983
11049
11052
11059
11068
11111
11114
11115
11116
11117
11177
11178
11233
11287
11290
11291
11460
11461
11468
11643
11644
11645
11672
11683
11711
11712
11839
11860
11863
11983
11984
11985
11986
11987
11988
11989
11991
12051
12052
12202
12309
12360
12361
12362
12363
12364
12365
12371
12484
12485
12487
12489
12505
12506
12507
12509
12510
12511
12512
12520
12532
12533
12534
12845
12862
12875
12882
12965
13148
13197
13206
13208
13272
13295
13338
13340
13341
13342
13344
13346
13347
13383
13390
13391
13392
13394
13395
13661
13685
13686
13689
13690
13752
13754
13755
13946
13949
13967
13981
14158
14159
14233
14331
14350
14351
14399
14541
14544
14548
14629
14631
14650
14659
14660
14676
14694
14716
14837
14839
14869
14922
14959
15054
15056
15142
15143
15216
15235
15236
15237
15238
15257
15409
15410
15413
15483
15536
15660
15682
15751
15752
15837
15886
16018
16032
16132
16133
16191
16305
16306
16307
16338
16428
16435
16442
16464
16497
16519
16533
16534
16550
16551
16580
16581
16584
16585
16589
16624
16676
16677
16695
16746
16762
16789
16790
16791
16792
16796
16798
16799
16842
16867
16868
16869
16871
16894
16899
16902
17035
17075
17216
17288
17293
17611
17927
17947
18096
18097
18189
18190
18191
18559
18689
18749
18754
18764
18804
18805
18806
18807
18808
18809
18825
18826
18832
18842
18934
18936
18963
18979
18985
18986
18987
18989
18990
19315
19370
19372
19373
19374
19378
19380
19406
19615
19732
19733
19734
19735
19871
19967
20032
20033
20034
20036
20037
20039
20040
20041
20043
20046
20047
20048
20061
20062
20171
20255
20256
20257
20258
20295
20296
20297
20360
20390
20398
20483
20491
20592
20593
20643
20656
20657
20658
21072
21073
21085
21086
21184
21185
21186
21280
21281
21282
21283
21322
21324
21325
21327
21329
21330
21331
21332
21333
21337
21338
21342
21343
21344
21345
21418
21419
21576
21577
21603
21607
21608
21611
21621
21662
21663
21664
21665
21666
21891
21950
21951
21956
21965
21967
21969
21970
21972
22053
22110
22299
22300
22369
22371
22372
22391
22393
22396
22441
22544
22545
22546
22547
22655
22672
22746
22747
22748
22749
22754
23070
23184
23207
23262
23298
23505
23565
23608
23612
23614
23813
23826
23828
23829
23948
23949
23976
24100
24136
24204
24207
24577
24694
24788
24884
24916
24917
24932
24978
25154
25157
25360
25419
25422
25568
25638
25646
