15889
486
498
750
982
1239
1310
1377
1915
2035
2131
2859
2954
3406
3624
3739
3919
4342
4527
5012
5059
5222
5753
6155
6157
6162
6257
6262
6442
6739
6742
6743
6793
7181
7473
7819
7820
7823
8002
8305
8359
9404
9406
9407
9584
9881
9934
9936
9937
10674
10683
10840
10920
11159
11536
11705
12295
12300
12479
12572
12573
12833
12841
12842
13702
13703
13704
13705
13706
13718
13762
13763
13764
13765
13785
14109
14266
14360
14503
14504
14634
15036
15157
15233
15744
15746
15760
15838
15840
16047
16050
16051
16130
16411
16706
17729
17841
17918
17937
18402
18541
18647
18701
19393
19394
19757
20481
20590
20695
20742
21101
21567
21668
21958
22529
22656
23053
23499
23817
24133
24424
24440
24743
24930
24995
24997
25518
25546
