6453
3
4
5
7
8
11
12
51
55
56
157
158
159
161
175
250
251
252
253
261
373
382
443
444
445
462
471
472
478
480
552
586
753
754
755
853
881
895
988
989
990
994
997
998
1138
1229
1237
1242
1250
1252
1282
1284
1295
1299
1322
1367
1369
1371
1373
1374
1376
1378
1379
1386
1388
1402
1403
1405
1406
1407
1408
1470
1471
1656
1743
1751
1909
1955
1956
1960
1962
1963
1964
1966
2009
2016
2037
2047
2052
2076
2081
2082
2084
2144
2174
2194
2234
2251
2252
2256
2266
2269
2366
2379
2431
2474
2475
2477
2485
2488
2508
2511
2512
2548
2571
2583
2597
2598
2622
2623
2671
2672
2673
2674
2694
2702
2703
2704
2705
2706
2707
2720
2721
2723
2765
2769
2816
2818
2853
2856
2857
2868
2869
2871
2872
2875
2930
2949
2951
2953
2957
2974
2975
2976
2977
2993
2996
3037
3039
3040
3150
3151
3152
3153
3159
3242
3243
3245
3273
3277
3278
3291
3294
3326
3343
3399
3416
3417
3421
3463
3464
3467
3469
3481
3504
3512
3586
3588
3596
3615
3616
3617
3661
3688
3707
3745
3748
3749
3750
3751
3752
3788
3798
3826
3830
3920
3924
3960
3961
3962
3964
3979
4004
4231
4232
4257
4340
4353
4354
4411
4413
4414
4419
4420
4425
4426
4428
4429
4430
4431
4432
4435
4441
4444
4493
4494
4495
4497
4501
4521
4522
4525
4554
4555
4556
4557
4560
4593
4639
4666
4668
4669
4674
4678
4820
4858
4872
4874
4875
4881
4882
4883
4884
4885
4890
4891
4941
4942
4965
4967
4969
4970
4980
5011
5058
5065
5097
5109
5116
5117
5172
5173
5175
5177
5180
5235
5279
5303
5319
5320
5325
5402
5407
5409
5411
5479
5481
5487
5496
5531
5538
5651
5652
5653
5726
5750
5752
5768
5855
5859
5861
5862
5880
5901
5914
6079
6085
6086
6121
6129
6136
6152
6158
6159
6214
6248
6291
6292
6294
6296
6297
6298
6299
6300
6301
6324
6417
6432
6436
6443
6445
6447
6449
6450
6455
6552
6583
6733
6734
6735
6736
6737
6744
6745
6754
6766
6767
6771
6781
6783
6786
6795
6796
6821
6854
7000
7008
7042
7047
7050
7051
7056
7057
7058
7098
7153
7183
7240
7405
7470
7614
7648
7650
7658
7661
7681
7682
7727
7770
7771
7772
7785
7804
7812
7814
7818
7821
7824
7860
7876
7877
7922
7989
7990
7997
8011
8191
8253
8254
8373
8374
8405
8406
8407
8412
8413
8454
8466
8469
8470
8521
8522
8526
8527
8546
8578
8579
8581
8634
8648
8669
8670
8672
8673
8780
8853
8901
8931
8942
8945
8950
8951
9013
9031
9043
9044
9045
9046
9136
9161
9163
9202
9389
9401
9403
9405
9432
9433
9435
9439
9506
9522
9535
9541
9542
9557
9586
9607
9608
9614
9616
9623
9624
9625
9656
9657
9660
9663
9667
9668
9725
9745
9748
9770
9771
9780
9781
9784
9785
9792
9794
9795
9796
9802
9830
9851
9857
9900
9910
9912
9914
9918
9919
9920
9924
9927
9929
9930
9931
9933
9958
10038
10213
10214
10215
10247
10269
10295
10379
10389
10390
10393
10553
10582
10629
10672
10677
10687
10689
10714
10825
10828
10832
10833
10835
10836
10837
10838
10839
10875
10876
10936
10941
10942
11030
11031
11032
11042
11043
11087
11088
11090
11105
11136
11166
11193
11194
11195
11196
11204
11243
11300
11301
11302
11303
11306
11307
11315
11317
11318
11319
11320
11352
11391
11408
11410
11413
11425
11448
11449
11475
11511
11524
11544
11647
11652
11653
11687
11689
11696
11700
11701
11702
11703
11721
11724
11996
11997
12238
12271
12272
12303
12481
12483
12502
12522
12523
12555
12560
12561
12563
12564
12568
12569
12571
12576
12577
12578
12579
12580
12668
12757
12758
12761
12766
12767
12832
12843
12851
12853
12855
12856
12859
12860
12873
12878
12963
12988
12991
13004
13005
13007
13009
13064
13068
13071
13072
13075
13085
13086
13087
13088
13121
13143
13154
13155
13156
13157
13158
13162
13164
13165
13166
13167
13171
13177
13179
13180
13181
13182
13183
13184
13239
13240
13241
13242
13243
13245
13284
13334
13339
13380
13415
13417
13425
13426
13465
13481
13483
13522
13523
13591
13694
13700
13701
13759
13760
13761
13769
13774
13780
13781
13782
13783
13795
13809
13816
13818
13892
13970
13985
13994
13995
13997
13998
14000
14001
14076
14077
14080
14081
14098
14101
14105
14106
14107
14108
14150
14151
14181
14204
14205
14341
14359
14396
14397
14401
14402
14409
14438
14457
14517
14518
14543
14559
14561
14565
14584
14586
14588
14673
14702
14703
14708
14718
14731
14751
14759
14820
14847
14871
14883
14934
14974
15035
15037
15061
15062
15064
15065
15164
15168
15221
15223
15249
15384
15404
15507
15510
15570
15587
15622
15652
15672
15713
15716
15717
15718
15719
15720
15770
15774
15775
15784
15793
15808
15888
15899
15900
16022
16024
16027
16039
16040
16041
16042
16043
16045
16046
16048
16049
16065
16075
16077
16078
16152
16235
16243
16268
16276
16280
16302
16308
16309
16310
16311
16354
16355
16390
16393
16409
16410
16414
16443
16466
16467
16481
16495
16557
16606
16609
16623
16640
16665
16673
16678
16679
16689
16690
16691
16705
16809
16810
16811
16828
16830
16863
16886
16887
16957
16958
16959
16960
16996
17005
17103
17105
17173
17182
17183
17259
17268
17296
17297
17379
17381
17384
17389
17390
17407
17470
17491
17509
17543
17544
17551
17559
17563
17567
17593
17642
17644
17645
17646
17648
17649
17682
17749
17764
17766
17848
17849
17850
17882
17886
17919
17920
17928
17932
17934
17960
17961
18037
18041
18051
18053
18099
18101
18107
18192
18207
18210
18211
18293
18376
18379
18403
18404
18405
18406
18412
18499
18500
18501
18657
18658
18660
18680
18681
18698
18700
18708
18740
18822
19012
19021
19055
19086
19088
19089
19138
19273
19284
19295
19296
19298
19328
19469
19470
19474
19475
19476
19484
19496
19522
19524
19525
19555
19594
19596
19598
19602
19603
19610
19611
19614
19626
19627
19630
19632
19634
19635
19640
19641
19671
19713
19715
19716
19719
19724
19725
19726
19727
19825
19826
19846
19855
19924
19926
19927
19928
19937
19939
19957
19980
20000
20001
20003
20164
20166
20260
20261
20262
20315
20394
20395
20401
20409
20418
20419
20420
20424
20427
20431
20436
20439
20440
20443
20445
20477
20478
20479
20518
20527
20741
20743
20754
20817
20818
20819
20821
20885
20886
20887
21013
21014
21015
21016
21017
21028
21097
21100
21102
21104
21118
21135
21239
21285
21286
21288
21289
21290
21291
21292
21293
21294
21295
21296
21303
21309
21318
21319
21320
21346
21398
21401
21407
21415
21427
21429
21439
21497
21554
21558
21563
21565
21568
21569
21571
21572
21573
21574
21583
21591
21593
21595
21596
21597
21598
21599
21600
21601
21653
21654
21656
21660
21701
21702
21716
21766
21854
21855
21861
21866
21868
21872
21900
22004
22009
22017
22077
22105
22163
22219
22220
22221
22222
22269
22295
22296
22389
22502
22518
22558
22561
22562
22563
22608
22609
22610
22611
22619
22627
22636
22645
22648
22650
22652
22653
22659
22767
22813
22819
22870
22914
22956
22965
22966
22967
22981
22998
23022
23023
23026
23028
23121
23122
23123
23124
23126
23127
23209
23223
23224
23225
23226
23227
23228
23231
23249
23250
23422
23423
23465
23466
23494
23501
23509
23512
23514
23551
23575
23616
23635
23678
23686
23687
23689
23775
23777
23781
23785
23819
23821
23873
23874
24017
24072
24075
24076
24079
24137
24141
24142
24143
24252
24279
24280
24281
24292
24334
24356
24375
24468
24476
24581
24605
24647
24683
24690
24701
24740
24742
24744
24831
24832
24872
24882
24920
24922
24924
24926
24929
24941
24982
24983
24984
25048
25052
25053
25057
25064
25067
25068
25115
25121
25122
25164
25222
25242
25243
25244
25245
25279
25286
25337
25341
25342
25343
25344
25397
25399
25523
25559
25633
25634
25635
25636
25655
25659
25661
25662
25663
25664
25666
