14158
14159
14233
14331
14350
14351
14399
14541
14544
14548
14629
14631
14650
14659
14660
14676
14694
14716
14837
14839
14869
14922
14959
15054
15056
15142
15143
15216
15235
15236
15237
15238
15257
15409
15410
15413
15483
15536
15660
15682
15751
15752
15837
15886
16018
16032
16132
16133
16191
16305
16306
16307
16338
16428
16435
16442
16464
16497
16519
16533
16534
16550
16551
16580
16581
16584
16585
16589
16624
16676
16677
16695
16746
16762
16789
16790
16791
16792
16796
16798
16799
16842
16867
16868
16869
16871
16894
16899
16902
17035
17075
17216
17288
17293
17611
17927
17947
18096
18097
18189
18190
18191
18559
18689
18749
18754
18764
18804
18805
18806
18807
18808
18809
18825
18826
18832
18842
18934
18936
18963
18979
18985
18986
18987
18989
18990
19315
19370
19372
19373
19374
19378
19380
19406
19615
19732
19733
19734
19735
19871
19967
20032
20033
20034
20036
20037
20039
20040
20041
20043
20046
20047
20048
20061
20062
20171
20255
20256
20257
20258
20295
20296
20297
20360
20390
20398
20483
20491
20592
20593
20643
20656
20657
20658
21072
21073
21085
21086
21184
21185
21186
21280
21281
21282
21283
21322
21324
21325
21327
21329
21330
21331
21332
21333
21337
21338
21342
21343
21344
21345
21418
21419
21576
21577
21603
21607
21608
21611
21621
21662
21663
21664
21665
21666
21891
21950
21951
21956
21965
21967
21969
21970
21972
22053
22110
22299
22300
22369
22371
22372
22391
22393
22396
22441
22544
22545
22546
22547
22655
22672
22746
22747
22748
22749
22754
23070
23184
23207
23262
23298
23505
23565
23608
23612
23614
23813
23826
23828
23829
23948
23949
23976
24100
24136
24204
24207
24577
24694
24788
24884
24916
24917
24932
24978
25154
25157
25360
25419
25422
25568
25638
25646
