#|num|weight|mean|covariance matrix|
|0|916.0182444556121|-8.601194554776534 21.10216083323744 -9.088553810337178|9.33893829700704 1.5428935602987375 -1.4810198661377063 1.5428935602987375 16.623035372075627 -1.975309554594316 -1.4810198661377054 -1.9753095545943162 10.144220845422215|
|1|1078.8379913288336|-3.624060380901688 11.582663901437954 -24.721872772160776|16.10507489944527 2.7292146233587498 1.8548617763815218 2.7292146233587498 11.41623217402254 5.84596950382727 1.8548617763815214 5.84596950382727 16.81476543996141|
|2|1092.3597455464705|14.549497004970624 2.7732785626769436 -27.958155803761162|12.905536188082712 -1.036446305447245 1.4573846573965938 -1.036446305447245 14.570015483897357 0.9246269723607217 1.4573846573965934 0.9246269723607217 11.094557675122541|
|3|1300.6911431814476|-7.072054374353969 -7.763803170506168 -0.6734400693365397|14.054276388469741 3.179977667258261 3.905289436653494 3.179977667258261 17.77886588631251 3.3175748163213137 3.9052894366534923 3.3175748163213123 13.116354555418216|
|4|457.4739555457655|0.8934179114840805 -27.101778943437523 -31.32451602486985|4.458601108682458 -0.5148066010379537 4.457382277105926 -0.5148066010379537 8.105781107291786 -5.390463429867321 4.457382277105926 -5.390463429867322 12.521939550602049|
|5|980.7533986484414|-19.617106718482844 -3.2349599609022515 -0.21143715591297904|19.48618059430914 1.5246680614278927 -1.0060184319064096 1.524668061427893 10.271824764843785 0.6647750920062543 -1.0060184319064096 0.6647750920062538 6.38964498344844|
|6|1323.894374489776|10.685666767154576 14.469184703542147 -34.99158286996615|27.399736002751666 -7.789324517349516 -5.195876374035689 -7.7893245173495185 12.554173704534167 0.5775316173478462 -5.195876374035689 0.5775316173478457 11.82780183948696|
|7|1619.3840297980646|2.272050112248421 2.5432493513190226 -4.610974436220039|13.815896437298347 -3.4273525130405336 -2.7913821214083097 -3.4273525130405336 25.326983320766775 -3.1768215616431235 -2.7913821214083097 -3.1768215616431235 13.565423292421588|
|8|989.4520211355385|-6.328893768729851 -12.47528527927893 -23.449724650062418|13.104582220352837 -2.4848060119014845 -6.490572546934338 -2.484806011901485 10.243648702769013 2.173217047080564 -6.490572546934337 2.1732170470805645 19.88190699756305|
|9|1128.9754325396143|3.0158628518641115 25.15000936616093 -14.873399347861875|11.23280635078923 1.9087632031289126 1.688812077620145 1.9087632031289126 24.377744256486785 -2.872886746468123 1.6888120776201445 -2.8728867464681227 8.787134880010651|
|10|1275.8606294505355|-1.9509068007876182 22.142580691977827 -27.192873985216405|17.978011175345532 -10.699405392356876 -5.9417390490021305 -10.699405392356876 22.02348400932013 5.824648663911757 -5.94173904900213 5.824648663911756 11.94779586166148|
|11|1177.4659588969353|13.068785781034174 4.551608836452664 -39.974297507286465|19.864632491168074 -3.4367295909950895 -1.934996475593639 -3.4367295909950895 9.174485217693489 1.6872736217297724 -1.9349964755936386 1.6872736217297721 9.887856066961337|
|12|513.2112638246691|11.983561439743927 -4.129553942109976 -38.57234032910004|18.921014493128663 7.372796126844984 -3.5861337743383563 7.3727961268449835 5.3064973392515915 -0.9459874891826356 -3.5861337743383563 -0.9459874891826363 7.457891607652846|
|13|1315.3313024838762|-9.200062810350312 6.141742018323136 2.0374445931127156|18.484042197063538 4.821839887571303 -0.1941475258320593 4.821839887571303 9.596627876180406 2.353541755659999 -0.19414752583205974 2.353541755659999 14.85565464077972|
|14|1006.3858833741469|4.070321204872767 -14.90090448174671 -21.783037887244717|9.907210557680326 5.65634916223123 -3.9690268404829983 5.656349162231228 26.53462100930591 1.3544445006351102 -3.9690268404829987 1.3544445006351105 8.595306801336351|
|15|1107.4492882262205|4.453922603702968 4.456357436498362 -29.722778820431643|11.49852724828893 1.369906689956565 -7.110868497985743 1.3699066899565677 20.822399666758905 7.876975736455114 -7.110868497985743 7.876975736455112 16.97057144363208|
|16|491.74479977531456|-2.2564665571687494 -24.188452733713195 -22.579593328830015|7.297453791181021 -1.990202722337572 -3.341629613336795 -1.9902027223375722 16.700211065976887 -6.318263335456695 -3.341629613336795 -6.318263335456695 6.710763755809317|
|17|1033.0587683306421|-10.093521944098985 -2.2462889682294525 -22.10546095534527|13.029631280693184 5.763046586096863 -4.1813332502410425 5.7630465860968645 18.994825743335774 -3.47706603751194 -4.1813332502410425 -3.477066037511938 9.758672686122836|
|18|1324.0959625421383|7.278147359168034 10.950387361098796 -16.03188923683518|8.759335118700712 -0.709520335516751 3.2247241826075106 -0.709520335516751 18.458538868908775 -0.17407200189228433 3.2247241826075115 -0.17407200189228417 15.884746521815543|
|19|1085.2493480331316|-8.02181766363453 29.35937653581492 -16.464170033475366|14.410256823655878 -4.428786733351367 1.1825574512867574 -4.428786733351365 12.840151190606417 1.4663292600611633 1.182557451286757 1.4663292600611635 10.894159588519837|
|20|901.8423226142276|22.46603297148251 8.57945876825929 -32.8981351090287|7.8693265737163625 2.0353798258107645 -0.2889562391861449 2.0353798258107645 15.874923722409331 3.60516293771662 -0.2889562391861449 3.6051629377166194 11.400148037316121|
|21|1024.7624787957184|-20.692326547329078 4.746807889004981 -6.282132888198531|13.33112829651757 9.791961118755962 -1.4554187871303372 9.791961118755966 23.749976032228147 -1.667618915268641 -1.4554187871303377 -1.6676189152686407 6.1043775856629265|
|22|1419.6645683343388|-10.680073430108132 18.63082412125392 -19.582965451568036|11.994893653777435 -0.23562309687479788 -2.1232406011359544 -0.23562309687479766 19.392449377535343 -2.272623729526317 -2.1232406011359544 -2.2726237295263174 14.925132693742135|
|23|866.8340018429652|-18.221136734758524 3.86246480312458 -16.207828575040843|12.241198130262632 3.310388508840305 -8.430283104064502 3.310388508840305 12.051183722573757 -3.749916553767383 -8.430283104064502 -3.7499165537673838 14.338087659328378|
|24|1041.0294133040807|-6.094184806199129 -10.46369245976271 -12.98394836199337|18.93145923360624 -3.653529285538247 -1.4473687051824164 -3.653529285538247 12.356184234946912 -6.451365621427918 -1.4473687051824164 -6.451365621427918 17.817120784575522|
|25|881.2731053706652|-0.6983820045358371 12.896940198102806 -36.47155714328514|14.092250752082663 -4.693402911479482 0.35392212283396896 -4.693402911479481 8.359591165894496 -0.43365848492784975 0.3539221228339692 -0.43365848492784986 9.79143704829404|
|26|1333.6458085959098|-1.898151273714264 14.645927298205008 -10.144229364236832|11.89205733961203 3.430299217020787 1.821188589253615 3.430299217020787 23.253031539012845 2.007663993928988 1.821188589253615 2.0076639939289884 13.78961928031525|
|27|1978.5720379063139|10.706560144457265 20.16786880565894 -25.56329795624543|16.5949512404943 -10.440692415902227 -8.54152704906989 -10.44069241590223 31.121446238675503 1.2332665177248217 -8.541527049069888 1.2332665177248199 17.653951169275512|
|28|682.180206402986|-0.5408051313714967 -5.173700116612007 -23.919841317342986|5.789571287681175 -0.5178798301521146 0.9165957301177469 -0.5178798301521145 24.577094814020843 2.726509806953394 0.9165957301177465 2.726509806953394 10.483376838084276|
|29|975.6899627139907|23.0491705595645 -3.9453944324387336 -32.75116822463159|7.301782235095543 1.9953629376490494 -1.3936120656275337 1.9953629376490492 16.339293662647734 -0.4762377346326414 -1.3936120656275346 -0.4762377346326414 7.187234641288901|
|30|1117.2433459305348|20.832739485750377 19.67990624478555 -36.91955157180085|26.135439144275793 -9.964401936897652 -0.2600564757420597 -9.964401936897652 9.303948777885745 -0.45306021555517895 -0.26005647574205976 -0.453060215555179 8.16210025769006|
|31|837.6723175424323|0.7401956783347583 -11.209729431080513 -7.096717152717135|11.664519488613019 -1.9195402285962109 0.5756251179301697 -1.9195402285962109 13.589117436450652 1.7198795613216364 0.5756251179301684 1.7198795613216362 10.075538053774928|
|32|822.4994532427655|10.079786127778576 -5.814452194356006 -30.799413650560034|7.008971002606697 4.297799977455835 -1.3192203896259471 4.297799977455835 17.189521965220496 1.8250424729120875 -1.3192203896259471 1.8250424729120869 12.23715687071471|
|33|1334.6585501313848|-16.927768808763123 -6.640862609647622 -10.046733524073412|12.390708571622808 -3.3471055165771393 -0.901428146420731 -3.3471055165771393 14.754084906117797 -6.216551837383909 -0.9014281464207308 -6.216551837383909 21.03428365444048|
|34|1067.7784452878986|1.5452233986222892 -17.075108328414235 -31.307190177257368|15.667037707064077 5.711958192481376 5.879250862135123 5.711958192481376 11.573302419843092 5.149253762001894 5.879250862135123 5.149253762001894 14.25633111956502|
|35|1226.3252592826836|1.0390157367548465 -2.3596540932290195 -14.147509905491532|14.980071401075122 -1.4016831623478199 -0.20363580065771303 -1.4016831623478199 13.55322645917603 1.710037520474585 -0.2036358006577128 1.710037520474585 14.201401366808408|
|36|930.0612437384193|0.997060121073903 32.3193946311939 -22.730445900847872|7.821676023490905 -3.869272492503322 -5.193855323116777 -3.869272492503322 19.536711541464637 8.256467810208585 -5.193855323116779 8.256467810208585 14.93321797376383|
|37|1505.415937354783|-9.23980730487972 3.581980318769083 -10.261227600518202|13.502500763100196 2.848880168398174 -1.1119004869705353 2.848880168398174 23.787377558656548 -13.251024466255569 -1.1119004869705353 -13.251024466255567 23.941966007906576|
