#|num|weight|mean|covariance matrix|
|0|820.122655394|2.95357521132 18.3770319346 -26.2836538444|71.7555164993 -8.28205517542 -26.7903880028 -8.28205517542 63.4145641002 17.1197619719 -26.7903880028 17.1197619719 53.8697853642|
|1|305.078533612|-0.0306373328263 3.67473662238 -17.6988131443|66.2338880979 11.065169339 -33.0008618117 11.065169339 95.3061832744 -7.38888905681 -33.0008618117 -7.38888905681 91.2726224939|
|2|673.50487559|9.45016302751 -0.378101943443 -30.8362420582|49.8048476296 26.5815476232 -16.9917625771 26.5815476232 85.0473803077 -13.0930873173 -16.9917625771 -13.0930873173 43.501353525|
|3|1505.54876736|-9.34934146073 -8.03272532022 -12.2489280158|54.9656457284 -15.3829102623 -14.5060303835 -15.3829102623 31.1332015124 1.21277109757 -14.5060303835 1.21277109757 61.6319461845|
|4|1389.64143904|-0.570834799085 -13.7298893376 -24.2585854904|27.234598024 -0.3619322078 -1.5726116427 -0.3619322078 55.8170166163 19.7799845741 -1.5726116427 19.7799845741 46.3909065973|
|5|776.422056377|-3.85959940201 16.4021190758 -12.6235035474|51.5989430894 5.08769132016 -7.94927673132 5.08769132016 87.1780561206 -28.0928306599 -7.94927673132 -28.0928306599 49.0828106324|
|6|2467.49046409|19.7501243035 11.7150088757 -34.1010586491|32.2747350083 -3.36647352717 -3.04021905369 -3.36647352717 71.1463811022 -12.5311489827 -3.04021905369 -12.5311489827 22.4609115635|
|7|482.912920286|5.38934062832 13.3342149392 -25.5274851769|68.6508833684 -13.4504383368 -27.8812008182 -13.4504383368 88.3768870565 14.4767552125 -27.8812008182 14.4767552125 64.1838472859|
|8|2794.23319827|-5.45205318889 -2.40308158234 -1.56391400976|43.0510961107 -10.7841962135 -11.6950987077 -10.7841962135 62.7021173236 19.5990389216 -11.6950987077 19.5990389216 30.4848217814|
|9|672.631142348|-7.94040156004 14.5779450946 -18.6023048776|39.1009605592 15.4549938382 -13.487454565 15.4549938382 95.5424796279 -3.91120394943 -13.487454565 -3.91120394943 48.1276544053|
|10|474.235248868|-3.21134508306 2.81570145634 -23.0435638733|74.7321784439 -1.79197253276 -37.8691626319 -1.79197253276 91.3929842118 -7.98395720462 -37.8691626319 -7.98395720462 57.697421951|
|11|2287.62132937|-18.8071574257 -1.74545723753 -5.68873860863|26.2900637535 -4.07516775813 -3.60070504348 -4.07516775813 35.1304434882 -3.78684555588 -3.60070504348 -3.78684555588 33.6393823446|
|12|715.967199375|5.30226159173 18.3544806834 -25.0140874031|68.966329211 -13.2266723987 -29.6793538316 -13.2266723987 62.7152712379 11.4989792679 -29.6793538316 11.4989792679 59.8592048149|
|13|1290.05812836|1.51485731732 17.3736534191 -14.0950972621|48.1354983757 -5.08587681684 -19.5048410874 -5.08587681684 78.1535429903 -25.1891119949 -19.5048410874 -25.1891119949 54.0784776124|
|14|1569.43311721|0.825772088046 0.911920821154 -8.01716515463|34.3491487413 9.13017189401 -13.9487661329 9.13017189401 75.3745347689 -8.68155815358 -13.9487661329 -8.68155815358 42.607484062|
|15|1194.97785675|-0.208179967736 24.5164848594 -19.1710612141|54.5176753099 -6.46813003075 -14.811826958 -6.46813003075 47.7105509508 -2.71681765602 -14.811826958 -2.71681765602 43.4271905397|
|16|872.69255463|-14.9031527139 4.93767394279 -10.7192978178|37.9448851827 15.7296266302 -13.7411322147 15.7296266302 48.9193047469 -14.2622376354 -13.7411322147 -14.2622376354 56.0697973208|
|17|1152.1667381|13.8735683925 4.83575160594 -33.9466084945|44.1091432782 3.2186430165 -1.63952004975 3.2186430165 74.5158909048 -2.74115489709 -1.63952004975 -2.74115489709 32.1676169249|
|18|644.823420598|-2.58190094403 -5.20686586481 -11.8443351875|41.8877658697 -0.33080982397 -9.21973239962 -0.33080982397 55.415442105 13.5135262889 -9.21973239962 13.5135262889 71.4308537896|
|19|947.560530382|-5.74632775257 -6.62713963825 -21.4346580046|48.402764224 -14.2409444228 -12.8136025374 -14.2409444228 54.9046291458 7.56750755961 -12.8136025374 7.56750755961 31.102400753|
|20|1374.21620676|-13.4775876315 1.71181897317 -16.5525392203|40.2414852777 3.3089227596 -25.5251659499 3.3089227596 53.6543257807 -6.06725563591 -25.5251659499 -6.06725563591 51.1881919418|
|21|2188.83348723|1.473833835 -18.9945725568 -27.4962093016|20.1956872128 10.8167690506 -0.919908458327 10.8167690506 49.6684232197 -0.851559433147 -0.919908458327 -0.851559433147 35.5099212298|
|22|665.368634115|-2.51033342344 2.98767816098 -6.85587932304|48.4864945167 1.87555560066 -15.4308292086 1.87555560066 74.6758947721 -7.73786605144 -15.4308292086 -7.73786605144 45.3055697603|
|23|1204.1159951|-3.98064734177 21.3633170554 -23.2465028279|48.2834337724 3.83599770691 -17.5092261166 3.83599770691 65.679462939 12.6981045567 -17.5092261166 12.6981045567 39.7679299274|
|24|699.148044044|9.9325224091 7.97141326217 -31.6420406338|55.4322968744 -15.8004428958 -9.08097901434 -15.8004428958 79.574815354 8.42581827783 -9.08097901434 8.42581827783 40.3140298537|
|25|358.23156322|0.176042012472 9.24553999954 -22.2188483938|80.0640832573 5.47787682338 -34.6131459901 5.47787682338 106.123168347 -1.15415039034 -34.6131459901 -1.15415039034 69.1469965786|
|26|380.324109603|-5.9913723813 1.41218856371 -10.7664527432|59.3557758678 -0.613659799558 -9.43547338075 -0.613659799558 73.7592286636 -1.12365436073 -9.43547338075 -1.12365436073 65.095801903|
|27|1850.19048662|16.301444987 -0.553354206747 -35.0410473771|40.4372826673 -7.12680724482 5.48419612405 -7.12680724482 34.1831053944 -5.79832312019 5.48419612405 -5.79832312019 29.1870406476|
|28|2411.35767273|-5.51485591036 25.3087632572 -16.726046077|40.9867312527 13.3759463842 -5.72334818373 13.3759463842 50.1732873743 -11.0259372331 -5.72334818373 -11.0259372331 35.8625636403|
|29|376.083798998|3.16518168419 6.67766885598 -25.0983122006|84.1803862555 7.99687624528 -36.558503749 7.99687624528 105.002279859 -2.83810582255 -36.558503749 -2.83810582255 63.0003424|
|30|784.07884289|-7.7262097858 -6.46378878897 -16.4670190611|58.3146751276 -15.1635490442 -22.2512308581 -15.1635490442 44.1909907008 7.11969787964 -22.2512308581 7.11969787964 59.9470315084|
|31|891.163527743|7.53172426786 15.6723951836 -29.9226667497|58.3855449682 -12.8820229729 -17.8147266841 -12.8820229729 72.8898351643 20.7614131835 -17.8147266841 20.7614131835 46.1408037147|
|32|1386.1018277|0.589769792748 12.8076469365 -33.4338063365|32.4995871486 -7.77176903539 -4.58286889223 -7.77176903539 25.8032639382 1.79850778066 -4.58286889223 1.79850778066 32.5702965611|
|33|893.306961355|5.60443140745 12.4880726157 -16.5522342287|45.4897130741 10.7040020551 -39.5716892708 10.7040020551 68.4600795833 -30.6264633077 -39.5716892708 -30.6264633077 88.3003597128|
|34|359.846951907|-2.97361707252 8.44330252159 -16.197179554|65.5348479204 10.099894727 -20.603084337 10.099894727 101.712655491 -16.301826815 -20.603084337 -16.301826815 74.7215955403|
|35|652.497317608|13.1288679399 7.54466557197 -32.4521477976|48.401937573 -0.989765782422 -6.62370888833 -0.989765782422 84.3481537608 -0.203364913952 -6.62370888833 -0.203364913952 34.8298470693|
|36|1208.59976148|0.972712388703 11.6538472571 -10.9838277134|46.0531457748 4.16730209722 -21.4606171702 4.16730209722 88.6778932046 -29.135769855 -21.4606171702 -29.135769855 54.8445386496|
|37|444.254634881|4.26827492233 -3.85565125581 -23.7771023903|52.2278175295 17.3159478596 -34.2899800856 17.3159478596 59.131051564 -9.43628803316 -34.2899800856 -9.43628803316 83.7453107043|
