#|num|weight|mean|covariance matrix|
|0|1164.360652377847|-13.69704635547227 -34.22317521213506 -33.87154802329991|14.628753941521659 -4.426515446402098 4.417005147433764 -4.426515446402098 14.361737117267264 -3.786335210989426 4.417005147433764 -3.7863352109894257 10.079618639281069|
|1|1271.3340330112794|-17.511424445130825 -16.879618459327453 -23.009887079855826|15.692172646422943 0.6118325753727396 -7.770617276805899 0.6118325753727398 8.339137659422592 -3.17222669866762 -7.770617276805899 -3.17222669866762 30.232064259841536|
|2|1237.9289647937135|-28.62991976003813 -11.729393383588311 -2.988096748755482|10.034596107639072 2.012988144865441 -8.206505030118828 2.0129881448654405 10.03299384827093 -7.587178329407914 -8.206505030118826 -7.587178329407914 28.576403023097413|
|3|631.5130213219426|5.7556992538257115 -26.905437124406408 -22.482716399146064|10.39812416842926 11.880789761097141 -3.7184264051843297 11.880789761097143 22.57668263079274 -7.580750052259963 -3.7184264051843305 -7.580750052259962 8.2605911813446|
|4|879.7008110387707|-18.277358802434108 -38.72020153335658 -13.826123097927017|16.973257250629167 -6.219311202615464 3.3915884583950997 -6.219311202615464 10.035681639713177 -3.587299789867939 3.3915884583950993 -3.5872997898679384 9.338634001829497|
|5|910.9775080628493|-10.783231631841376 -19.880235528233076 -35.36411472646216|8.602222293252849 -7.264485978309238 0.2607988987929728 -7.264485978309238 21.940580111036013 -5.164280741329507 0.2607988987929729 -5.164280741329507 17.40966184707321|
|6|1249.1355492823313|-19.73791318821805 -4.920584846307816 -28.882254165606618|15.188229590530305 -1.4875165200824605 -5.9322512208278555 -1.48751652008246 9.765530737655757 0.9041417755940455 -5.932251220827855 0.904141775594046 15.881255380746001|
|7|692.5237175254899|-4.566802280597205 -30.973992815952393 -32.03506595023022|16.909569977077258 -9.293746082918105 2.426034042761679 -9.293746082918107 12.305318739763376 -2.314504907250407 2.4260340427616787 -2.3145049072504076 14.33604768534909|
|8|931.2136944530997|-22.49189879213915 -11.119349616281132 -36.54105216692753|13.099192368342385 2.020833574868994 2.586807115012717 2.020833574868994 11.704257911398358 -1.2220349138174216 2.586807115012717 -1.222034913817422 9.830729942111446|
|9|1289.130651888164|-22.90593329350755 -33.55552772126823 -26.261769776965487|13.926151749241363 -1.6221296066784392 -0.9944261016536187 -1.6221296066784388 15.209592221600058 -6.262615538608387 -0.9944261016536187 -6.262615538608387 17.00054536585899|
|10|870.3642882779214|-7.45463712636265 -32.92264656719997 -22.976697202575487|19.211357757455737 1.1276290302850684 -1.388840786248069 1.1276290302850684 16.161751493163262 -2.0685455618639104 -1.3888407862480692 -2.0685455618639104 6.123276377825303|
|11|1306.3190822857364|-25.990763805890595 -11.52599921112355 -16.141536469189475|10.45916811127575 3.1092101703365573 -6.706047555190024 3.1092101703365573 17.437104340499847 -3.1700457481551743 -6.706047555190022 -3.170045748155175 23.29853845402139|
|12|401.5689176480601|10.95631788063072 -16.260185558394983 -19.874535643358048|3.2098224949184964 -0.23927765747317298 -0.881370261052827 -0.23927765747317298 11.0633696459404 8.657658231014162 -0.8813702610528271 8.65765823101416 9.923012659836123|
|13|1415.9201177416312|-21.294479581985424 -22.98901853918626 -34.45320359804418|16.63956930092283 -0.432722295635952 -4.047376915664218 -0.432722295635952 17.170323003361176 -0.3255641029179501 -4.047376915664219 -0.32556410291795035 11.521158971425253|
|14|1242.733913718642|-13.782919825862574 -41.458742637224 -22.518086441431876|19.105333398622697 0.41440873270333617 -1.8992535666796666 0.4144087327033366 8.675115765846574 -3.612399532971803 -1.8992535666796675 -3.6123995329718026 14.554126488780375|
|15|1090.154909345737|-12.899543153707885 -25.072720210201684 -26.019974640056187|23.50970016434038 1.961452398731626 -3.489301050506749 1.9614523987316277 16.871533304902492 -5.0006338796604926 -3.489301050506749 -5.0006338796604926 10.013389433883948|
|16|1178.9050180043414|-28.820065524017295 -25.347947052502356 -22.61735790108935|9.772814789802842 -2.7077747444376024 4.250153066231651 -2.707774744437603 19.56766546644367 -2.627069304234503 4.250153066231651 -2.627069304234502 19.520934522507332|
|17|1431.3241351648333|-18.137377747017005 -27.71659643347196 -16.334588865540468|17.926709887387723 -7.0677061257671765 0.7368158965209195 -7.0677061257671765 20.625551155917087 -5.034997365418278 0.7368158965209206 -5.034997365418279 10.717394618408097|
|18|1104.5202140578544|-28.070493750453853 -13.906501552066231 -27.982187468998116|11.06839365096879 2.211295820429849 -2.4473122770751834 2.211295820429849 20.399977517902435 -3.1431917247753907 -2.4473122770751843 -3.14319172477539 9.993919899066317|
