#|num|weight|mean|covariance matrix|
|0|800.243603148|-23.6897704149 -20.3972844461 -25.996625834|36.4624717246 2.27623673962 -2.81489495474 2.27623673962 61.1118719891 -5.117903011 -2.81489495474 -5.117903011 47.2614336292|
|1|1562.29217582|-8.65205463572 -33.5897701567 -28.6987094987|38.4026868415 3.66892359802 9.39537610997 3.66892359802 28.7754194281 -5.11006962767 9.39537610997 -5.11006962767 35.0411357184|
|2|600.289719874|-22.4484830808 -17.1569390286 -19.4683281689|30.5851879716 -5.50242556551 1.4109350831 -5.50242556551 37.4084235966 -3.61604330909 1.4109350831 -3.61604330909 25.4414505247|
|3|2128.81927625|-17.5964936204 -37.5916552417 -17.9667560023|28.5333963859 -9.23837045981 0.598853437288 -9.23837045981 30.8008202638 1.02280254799 0.598853437288 1.02280254799 31.4112244016|
|4|690.520503984|-17.2947446575 -23.0581114265 -26.8056032571|51.7634948564 -12.704416457 -7.15551841001 -12.704416457 65.7218663991 -6.93898292927 -7.15551841001 -6.93898292927 54.5291349627|
|5|815.292148115|-20.4782377552 -29.4189157498 -25.413816877|50.2292335177 -15.6783215485 -0.650341818534 -15.6783215485 54.8217320991 -5.94897950806 -0.650341818534 -5.94897950806 49.438582151|
|6|2085.07982983|-27.6104806768 -11.2994003216 -7.97081960877|16.0785690941 3.16591310037 -15.7782703673 3.16591310037 16.7033282925 -10.9580624172 -15.7782703673 -10.9580624172 68.7415148494|
|7|1006.64118889|7.86541547968 -22.5514973128 -21.7358529658|18.1807128854 19.7302076065 2.41833946219 19.7302076065 47.7426256001 8.67528896896 2.41833946219 8.67528896896 16.1921011051|
|8|574.094998943|-19.417711469 -23.6143045399 -24.9711790501|50.4165201862 -9.48742024258 -4.00795930013 -9.48742024258 66.1863636171 -5.79528921731 -4.00795930013 -5.79528921731 51.7598289424|
|9|804.973319535|-19.0302116053 -24.0382628666 -29.9873216197|54.1645192118 -5.46873365056 -9.33804072716 -5.46873365056 62.5302029813 -5.508792743 -9.33804072716 -5.508792743 42.2556282937|
|10|862.446266848|-25.0757966544 -14.065039535 -26.7001619638|27.7687650777 11.7682466942 -4.97947527413 11.7682466942 50.5532889173 -5.45454755698 -4.97947527413 -5.45454755698 44.3125026643|
|11|1368.31910915|-13.5308691168 -22.5009401158 -32.8934754927|38.3136108275 -14.0830029118 5.34507973701 -14.0830029118 58.8748224181 -5.21974353342 5.34507973701 -5.21974353342 29.4367730343|
|12|903.808319334|-13.3233582747 -33.7443158809 -25.6948086698|47.5949842673 0.511990644574 -5.07451314119 0.511990644574 41.0291279058 -10.4909334153 -5.07451314119 -10.4909334153 48.7904521778|
|13|1132.49090044|-24.0094182925 -25.4858575475 -21.9089069337|36.3895739217 -8.0949424704 10.1566849546 -8.0949424704 55.9381352156 -2.1404577303 10.1566849546 -2.1404577303 35.3807760128|
|14|886.120129195|-21.0070963833 -17.8537662237 -31.9511718183|43.7909120631 0.277010773283 -11.7725368652 0.277010773283 59.0265397054 3.67175479466 -11.7725368652 3.67175479466 32.2837745109|
|15|741.64251542|-18.3655430599 -26.5034480562 -21.6658263585|48.945282386 -13.4044218639 -3.20280224064 -13.4044218639 68.3069424668 -2.38164605231 -3.20280224064 -2.38164605231 38.4731973852|
|16|1785.54008742|-21.5694392434 -8.03464414169 -31.6057432556|24.4998945342 5.21208308259 -1.44826550604 5.21208308259 26.6627392224 8.10208822358 -1.44826550604 8.10208822358 30.489705154|
|17|822.237642456|-14.7206119183 -28.5592127832 -29.470895938|52.1836566211 -6.49714981068 1.19716029369 -6.49714981068 58.0632681881 -13.4442003031 1.19716029369 -13.4442003031 43.4586308765|
|18|728.777465358|-16.6620926207 -26.0382758936 -26.5733651095|54.6503180217 -11.1864414569 -5.75510388912 -11.1864414569 65.5225616128 -8.20501442534 -5.75510388912 -8.20501442534 53.1882461636|
